"Ticket";"Symbol";"Type";"Open price";"Close price";"Open time";"Close time";"Size";"Profit/Loss";"Stop Loss price level";"Profit Target price level";"Balance";"Slippage ($)";"Sample type";"Close type";"Time in trade";"Comm/Swap"
"1";"USTEC_ICM_UTC2";"Buy";"4210.0";"4232.6";"2015.01.02 18:45:00";"2015.01.02 22:55:00";"30.0";"678.00";"4127.50000";"4292.50000";"50678.00";"0.00";"IST";"End Of Friday (Time)";"4h 10m";"-0.00"
"2";"USTEC_ICM_UTC2";"Buy";"4171.0";"4088.5";"2015.01.05 18:30:00";"2015.01.06 20:24:00";"30.0";"-2658.12";"4088.50000";"4253.50000";"48019.88";"0.00";"IST";"SL";"1d 1h 54m";"-183.12"
"3";"USTEC_ICM_UTC2";"Buy";"4099.7";"4182.2";"2015.01.06 21:15:00";"2015.01.08 03:34:00";"30.0";"2108.76";"4017.19995";"4182.20020";"50128.64";"0.00";"IST";"PT";"1d 6h 19m";"-366.24"
"4";"USTEC_ICM_UTC2";"Buy";"4232.9";"4216.9";"2015.01.08 18:30:00";"2015.01.09 22:55:00";"30.0";"-663.12";"4150.39990";"4315.39990";"49465.52";"0.00";"IST";"End Of Friday (Time)";"1d 4h 25m";"-183.12"
"5";"USTEC_ICM_UTC2";"Buy";"4165.9";"4248.4";"2015.01.12 17:15:00";"2015.01.13 16:59:00";"30.0";"2291.88";"4083.39990";"4248.39990";"51757.40";"0.00";"IST";"PT";"23h 44m";"-183.12"
"6";"USTEC_ICM_UTC2";"Buy";"4245.8";"4163.3";"2015.01.13 18:30:00";"2015.01.13 20:52:00";"30.0";"-2475.00";"4163.29980";"4328.29980";"49282.40";"0.00";"IST";"SL";"2h 22m";"-0.00"
"7";"USTEC_ICM_UTC2";"Buy";"4145.9";"4063.4";"2015.01.14 16:45:00";"2015.01.16 02:15:00";"30.0";"-2841.24";"4063.39990";"4228.39990";"46441.16";"0.00";"IST";"SL";"1d 9h 30m";"-366.24"
"8";"USTEC_ICM_UTC2";"Buy";"4107.9";"4141.0";"2015.01.16 18:15:00";"2015.01.16 22:55:00";"30.0";"993.00";"4025.39990";"4190.39990";"47434.16";"0.00";"IST";"End Of Friday (Time)";"4h 40m";"-0.00"
"9";"USTEC_ICM_UTC2";"Buy";"4133.2";"4215.7";"2015.01.19 19:45:00";"2015.01.22 15:40:00";"30.0";"1925.64";"4050.69995";"4215.70020";"49359.80";"0.00";"IST";"PT";"2d 19h 55m";"-549.36"
"10";"USTEC_ICM_UTC2";"Buy";"4202.3";"4284.8";"2015.01.22 17:15:00";"2015.01.23 19:12:00";"30.0";"2291.88";"4119.79980";"4284.79980";"51651.68";"0.00";"IST";"PT";"1d 1h 57m";"-183.12"
"11";"USTEC_ICM_UTC2";"Buy";"4282.9";"4273.9";"2015.01.23 19:45:00";"2015.01.23 22:55:00";"30.0";"-270.00";"4200.39990";"4365.39990";"51381.68";"0.00";"IST";"End Of Friday (Time)";"3h 10m";"-0.00"
"12";"USTEC_ICM_UTC2";"Buy";"4265.6";"4183.1";"2015.01.26 17:45:00";"2015.01.27 16:52:00";"30.0";"-2658.12";"4183.10010";"4348.10010";"48723.56";"0.00";"IST";"SL";"23h 7m";"-183.12"
"13";"USTEC_ICM_UTC2";"Buy";"4174.1";"4149.5";"2015.01.27 18:45:00";"2015.01.30 22:55:00";"30.0";"-1287.36";"4091.60010";"4256.60010";"47436.20";"0.00";"IST";"End Of Friday (Time)";"3d 4h 10m";"-549.36"
"14";"USTEC_ICM_UTC2";"Buy";"4125.1";"4207.6";"2015.02.02 18:00:00";"2015.02.03 13:34:00";"30.0";"2291.88";"4042.60010";"4207.60010";"49728.08";"0.00";"IST";"PT";"19h 34m";"-183.12"
"15";"USTEC_ICM_UTC2";"Buy";"4201.3";"4224.7";"2015.02.03 17:15:00";"2015.02.06 22:55:00";"30.0";"152.64";"4118.79980";"4283.79980";"49880.72";"0.00";"IST";"End Of Friday (Time)";"3d 5h 40m";"-549.36"
"16";"USTEC_ICM_UTC2";"Buy";"4216.3";"4298.8";"2015.02.09 16:45:00";"2015.02.11 17:40:00";"30.0";"2108.76";"4133.79980";"4298.79980";"51989.48";"0.00";"IST";"PT";"2d 0h 55m";"-366.24"
"17";"USTEC_ICM_UTC2";"Buy";"4299.9";"4380.5";"2015.02.11 18:15:00";"2015.02.13 22:55:00";"30.0";"2051.76";"4217.39990";"4382.39990";"54041.24";"0.00";"IST";"End Of Friday (Time)";"2d 4h 40m";"-366.24"
"18";"USTEC_ICM_UTC2";"Buy";"4385.0";"4437.8";"2015.02.16 17:15:00";"2015.02.20 22:55:00";"30.0";"851.52";"4302.50000";"4467.50000";"54892.76";"0.00";"IST";"End Of Friday (Time)";"4d 5h 40m";"-732.48"
"19";"USTEC_ICM_UTC2";"Buy";"4443.3";"4437.8";"2015.02.23 19:00:00";"2015.02.27 22:55:00";"30.0";"-897.48";"4360.79980";"4525.79980";"53995.28";"0.00";"IST";"End Of Friday (Time)";"4d 3h 55m";"-732.48"
"20";"USTEC_ICM_UTC2";"Buy";"4474.3";"4391.8";"2015.03.02 19:00:00";"2015.03.06 22:34:00";"30.0";"-3207.48";"4391.79980";"4556.79980";"50787.80";"0.00";"IST";"SL";"4d 3h 34m";"-732.48"
"21";"USTEC_ICM_UTC2";"Buy";"4391.7";"4395.5";"2015.03.06 22:45:00";"2015.03.06 22:55:00";"30.0";"114.00";"4309.20020";"4474.20020";"50901.80";"0.00";"IST";"End Of Friday (Time)";"10m 0s";"-0.00"
"22";"USTEC_ICM_UTC2";"Buy";"4406.0";"4323.5";"2015.03.09 16:45:00";"2015.03.11 15:40:00";"30.0";"-2841.24";"4323.50000";"4488.50000";"48060.56";"0.00";"IST";"SL";"1d 22h 55m";"-366.24"
"23";"USTEC_ICM_UTC2";"Buy";"4327.2";"4312.7";"2015.03.11 17:15:00";"2015.03.13 22:55:00";"30.0";"-801.24";"4244.70020";"4409.70020";"47259.32";"0.00";"IST";"End Of Friday (Time)";"2d 5h 40m";"-366.24"
"24";"USTEC_ICM_UTC2";"Buy";"4357.5";"4440.0";"2015.03.16 17:45:00";"2015.03.18 21:16:00";"30.0";"2108.76";"4275.00000";"4440.00000";"49368.08";"0.00";"IST";"PT";"2d 3h 31m";"-366.24"
"25";"USTEC_ICM_UTC2";"Buy";"4426.0";"4454.6";"2015.03.18 21:45:00";"2015.03.20 22:55:00";"30.0";"491.76";"4343.50000";"4508.50000";"49859.84";"0.00";"IST";"End Of Friday (Time)";"2d 1h 10m";"-366.24"
"26";"USTEC_ICM_UTC2";"Buy";"4462.5";"4380.0";"2015.03.23 16:45:00";"2015.03.25 17:39:00";"30.0";"-2841.24";"4380.00000";"4545.00000";"47018.60";"0.00";"IST";"SL";"2d 0h 54m";"-366.24"
"27";"USTEC_ICM_UTC2";"Buy";"4372.5";"4290.0";"2015.03.25 17:45:00";"2015.03.26 11:00:00";"30.0";"-2658.12";"4290.00000";"4455.00000";"44360.48";"0.00";"IST";"SL";"17h 15m";"-183.12"
"28";"USTEC_ICM_UTC2";"Buy";"4303.0";"4332.9";"2015.03.26 17:15:00";"2015.03.27 22:55:00";"30.0";"713.88";"4220.50000";"4385.50000";"45074.36";"0.00";"IST";"End Of Friday (Time)";"1d 5h 40m";"-183.12"
"29";"USTEC_ICM_UTC2";"Buy";"4379.0";"4296.5";"2015.03.30 17:00:00";"2015.04.01 03:55:00";"30.0";"-2841.24";"4296.50000";"4461.50000";"42233.12";"0.00";"IST";"SL";"1d 10h 55m";"-366.24"
"30";"USTEC_ICM_UTC2";"Buy";"4305.0";"4387.5";"2015.04.01 18:00:00";"2015.04.09 16:32:00";"30.0";"1010.04";"4222.50000";"4387.50000";"43243.16";"0.00";"IST";"PT";"7d 22h 32m";"-1464.96"
"31";"USTEC_ICM_UTC2";"Buy";"4384.6";"4419.7";"2015.04.09 17:15:00";"2015.04.10 22:55:00";"30.0";"869.88";"4302.10010";"4467.10010";"44113.04";"0.00";"IST";"End Of Friday (Time)";"1d 5h 40m";"-183.12"
"32";"USTEC_ICM_UTC2";"Buy";"4425.0";"4342.5";"2015.04.13 20:15:00";"2015.04.17 20:55:00";"30.0";"-3207.48";"4342.50000";"4507.50000";"40905.56";"0.00";"IST";"SL";"4d 0h 40m";"-732.48"
"33";"USTEC_ICM_UTC2";"Buy";"4347.6";"4350.7";"2015.04.17 22:15:00";"2015.04.17 22:55:00";"30.0";"93.00";"4265.10010";"4430.10010";"40998.56";"0.00";"IST";"End Of Friday (Time)";"40m 0s";"-0.00"
"34";"USTEC_ICM_UTC2";"Buy";"4436.9";"4519.4";"2015.04.21 18:00:00";"2015.04.24 11:16:00";"30.0";"1925.64";"4354.39990";"4519.39990";"42924.20";"0.00";"IST";"PT";"2d 17h 16m";"-549.36"
"35";"USTEC_ICM_UTC2";"Buy";"4536.0";"4537.0";"2015.04.24 18:30:00";"2015.04.24 22:55:00";"30.0";"30.00";"4453.50000";"4618.50000";"42954.20";"0.00";"IST";"End Of Friday (Time)";"4h 25m";"-0.00"
"36";"USTEC_ICM_UTC2";"Buy";"4553.0";"4470.5";"2015.04.27 18:30:00";"2015.04.29 19:28:00";"30.0";"-2841.24";"4470.50000";"4635.50000";"40112.96";"0.00";"IST";"SL";"2d 0h 58m";"-366.24"
"37";"USTEC_ICM_UTC2";"Buy";"4469.0";"4475.5";"2015.04.29 19:45:00";"2015.05.01 22:55:00";"30.0";"-171.24";"4386.50000";"4551.50000";"39941.72";"0.00";"IST";"End Of Friday (Time)";"2d 3h 10m";"-366.24"
"38";"USTEC_ICM_UTC2";"Buy";"4418.9";"4461.2";"2015.05.05 20:30:00";"2015.05.08 22:55:00";"30.0";"719.64";"4336.39990";"4501.39990";"40661.36";"0.00";"IST";"End Of Friday (Time)";"3d 2h 25m";"-549.36"
"39";"USTEC_ICM_UTC2";"Buy";"4414.5";"4497.0";"2015.05.12 18:00:00";"2015.05.15 09:07:00";"30.0";"1925.64";"4332.00000";"4497.00000";"42587.00";"0.00";"IST";"PT";"2d 15h 7m";"-549.36"
"40";"USTEC_ICM_UTC2";"Buy";"4509.0";"4530.0";"2015.05.19 19:00:00";"2015.05.22 22:55:00";"30.0";"80.64";"4426.50000";"4591.50000";"42667.64";"0.00";"IST";"End Of Friday (Time)";"3d 3h 55m";"-549.36"
"41";"USTEC_ICM_UTC2";"Buy";"4470.9";"4511.9";"2015.05.26 18:15:00";"2015.05.29 22:55:00";"30.0";"680.64";"4388.39990";"4553.39990";"43348.28";"0.00";"IST";"End Of Friday (Time)";"3d 4h 40m";"-549.36"
"42";"USTEC_ICM_UTC2";"Buy";"4530.5";"4477.9";"2015.06.01 19:30:00";"2015.06.05 22:55:00";"30.0";"-2310.48";"4448.00000";"4613.00000";"41037.80";"0.00";"IST";"End Of Friday (Time)";"4d 3h 25m";"-732.48"
"43";"USTEC_ICM_UTC2";"Buy";"4454.9";"4455.0";"2015.06.08 18:45:00";"2015.06.12 22:55:00";"30.0";"-729.48";"4372.39990";"4537.39990";"40308.32";"0.00";"IST";"End Of Friday (Time)";"4d 4h 10m";"-732.48"
"44";"USTEC_ICM_UTC2";"Buy";"4425.0";"4507.5";"2015.06.15 18:45:00";"2015.06.18 16:47:00";"30.0";"1925.64";"4342.50000";"4507.50000";"42233.96";"0.00";"IST";"PT";"2d 22h 2m";"-549.36"
"45";"USTEC_ICM_UTC2";"Buy";"4533.0";"4517.5";"2015.06.18 18:30:00";"2015.06.19 22:55:00";"30.0";"-648.12";"4450.50000";"4615.50000";"41585.84";"0.00";"IST";"End Of Friday (Time)";"1d 4h 25m";"-183.12"
"46";"USTEC_ICM_UTC2";"Buy";"4538.0";"4483.9";"2015.06.23 18:30:00";"2015.06.26 22:55:00";"30.0";"-2172.36";"4455.50000";"4620.50000";"39413.48";"0.00";"IST";"End Of Friday (Time)";"3d 4h 25m";"-549.36"
"47";"USTEC_ICM_UTC2";"Buy";"4429.0";"4346.5";"2015.06.29 18:30:00";"2015.07.07 18:32:00";"30.0";"-3939.96";"4346.50000";"4511.50000";"35473.52";"0.00";"IST";"SL";"8d 0h 2m";"-1464.96"
"48";"USTEC_ICM_UTC2";"Buy";"4370.0";"4427.5";"2015.07.07 19:00:00";"2015.07.10 22:55:00";"30.0";"1175.64";"4287.50000";"4452.50000";"36649.16";"0.00";"IST";"End Of Friday (Time)";"3d 3h 55m";"-549.36"
"49";"USTEC_ICM_UTC2";"Buy";"4528.4";"4618.4";"2015.07.14 20:45:00";"2015.07.17 09:00:00";"30.0";"2149.62";"4445.89990";"4610.89990";"38798.78";"0.00";"IST";"PT";"2d 12h 15m";"-549.36"
"50";"USTEC_ICM_UTC2";"Buy";"4639.8";"4657.9";"2015.07.17 18:15:00";"2015.07.17 22:55:00";"30.0";"543.00";"4557.29980";"4722.29980";"39341.78";"0.00";"IST";"End Of Friday (Time)";"4h 40m";"-0.00"
"51";"USTEC_ICM_UTC2";"Buy";"4676.9";"4594.4";"2015.07.20 18:15:00";"2015.07.23 22:11:00";"30.0";"-3024.36";"4594.39990";"4759.39990";"36317.42";"0.00";"IST";"SL";"3d 3h 56m";"-549.36"
"52";"USTEC_ICM_UTC2";"Buy";"4594.5";"4562.0";"2015.07.23 22:15:00";"2015.07.24 22:55:00";"30.0";"-1158.12";"4512.00000";"4677.00000";"35159.30";"0.00";"IST";"End Of Friday (Time)";"1d 0h 40m";"-183.12"
"53";"USTEC_ICM_UTC2";"Buy";"4531.1";"4613.6";"2015.07.27 19:30:00";"2015.07.31 15:44:00";"30.0";"1742.52";"4448.60010";"4613.60010";"36901.82";"0.00";"IST";"PT";"3d 20h 14m";"-732.48"
"54";"USTEC_ICM_UTC2";"Buy";"4604.6";"4590.5";"2015.07.31 20:00:00";"2015.07.31 22:55:00";"30.0";"-423.00";"4522.10010";"4687.10010";"36478.82";"0.00";"IST";"End Of Friday (Time)";"2h 55m";"-0.00"
"55";"USTEC_ICM_UTC2";"Buy";"4599.0";"4516.5";"2015.08.03 18:30:00";"2015.08.06 18:36:00";"30.0";"-3024.36";"4516.50000";"4681.50000";"33454.46";"0.00";"IST";"SL";"3d 0h 6m";"-549.36"
"56";"USTEC_ICM_UTC2";"Buy";"4518.0";"4517.3";"2015.08.06 20:00:00";"2015.08.07 22:55:00";"30.0";"-204.12";"4435.50000";"4600.50000";"33250.34";"0.00";"IST";"End Of Friday (Time)";"1d 2h 55m";"-183.12"
"57";"USTEC_ICM_UTC2";"Buy";"4570.3";"4487.8";"2015.08.10 19:30:00";"2015.08.12 09:00:00";"30.0";"-2841.24";"4487.79980";"4652.79980";"30409.10";"0.00";"IST";"SL";"1d 13h 30m";"-366.24"
"58";"USTEC_ICM_UTC2";"Buy";"4461.0";"4549.0";"2015.08.12 18:45:00";"2015.08.13 09:00:00";"30.0";"2456.94";"4378.50000";"4543.50000";"32866.04";"0.00";"IST";"PT";"14h 15m";"-183.12"
"59";"USTEC_ICM_UTC2";"Buy";"4538.0";"4530.9";"2015.08.13 17:45:00";"2015.08.14 22:55:00";"30.0";"-396.12";"4455.50000";"4620.50000";"32469.92";"0.00";"IST";"End Of Friday (Time)";"1d 5h 10m";"-183.12"
"60";"USTEC_ICM_UTC2";"Buy";"4553.9";"4471.4";"2015.08.18 18:30:00";"2015.08.20 12:09:00";"30.0";"-2841.24";"4471.39990";"4636.39990";"29628.68";"0.00";"IST";"SL";"1d 17h 39m";"-366.24"
"61";"USTEC_ICM_UTC2";"Buy";"4447.9";"4339.0";"2015.08.20 17:15:00";"2015.08.21 09:00:00";"30.0";"-3450.48";"4365.39990";"4530.39990";"26178.20";"0.00";"IST";"SL";"15h 45m";"-183.12"
"62";"USTEC_ICM_UTC2";"Buy";"4326.5";"4244.0";"2015.08.21 16:45:00";"2015.08.21 21:50:00";"30.0";"-2475.00";"4244.00000";"4409.00000";"23703.20";"0.00";"IST";"SL";"5h 5m";"-0.00"
"63";"USTEC_ICM_UTC2";"Buy";"4080.9";"4163.4";"2015.08.24 18:30:00";"2015.08.24 18:54:00";"30.0";"2475.00";"3998.39990";"4163.39990";"26178.20";"0.00";"IST";"PT";"24m 0s";"-0.00"
"64";"USTEC_ICM_UTC2";"Buy";"4169.2";"4086.7";"2015.08.25 17:45:00";"2015.08.25 22:33:00";"30.0";"-2475.00";"4086.69995";"4251.70020";"23703.20";"0.00";"IST";"SL";"4h 48m";"-0.00"
"65";"USTEC_ICM_UTC2";"Buy";"4189.0";"4271.5";"2015.08.26 22:15:00";"2015.08.27 11:31:00";"30.0";"2291.88";"4106.50000";"4271.50000";"25995.08";"0.00";"IST";"PT";"13h 16m";"-183.12"
"66";"USTEC_ICM_UTC2";"Buy";"4185.6";"4268.1";"2015.09.01 20:45:00";"2015.09.03 09:28:00";"30.0";"2108.76";"4103.10010";"4268.10010";"28103.84";"0.00";"IST";"PT";"1d 12h 43m";"-366.24"
"67";"USTEC_ICM_UTC2";"Buy";"4251.0";"4168.5";"2015.09.03 22:00:00";"2015.09.04 15:52:00";"30.0";"-2658.12";"4168.50000";"4333.50000";"25445.72";"0.00";"IST";"SL";"17h 52m";"-183.12"
"68";"USTEC_ICM_UTC2";"Buy";"4257.4";"4346.4";"2015.09.08 19:00:00";"2015.09.09 09:00:00";"30.0";"2487.69";"4174.89990";"4339.89990";"27933.41";"0.00";"IST";"PT";"14h 0m";"-183.12"
"69";"USTEC_ICM_UTC2";"Buy";"4262.0";"4313.9";"2015.09.10 16:45:00";"2015.09.11 22:55:00";"30.0";"1373.88";"4179.50000";"4344.50000";"29307.29";"0.00";"IST";"End Of Friday (Time)";"1d 6h 10m";"-183.12"
"70";"USTEC_ICM_UTC2";"Buy";"4316.9";"4325.2";"2015.09.18 16:30:00";"2015.09.18 22:55:00";"30.0";"249.00";"4234.39990";"4399.39990";"29556.29";"0.00";"IST";"End Of Friday (Time)";"6h 25m";"-0.00"
"71";"USTEC_ICM_UTC2";"Buy";"4322.0";"4239.5";"2015.09.21 21:00:00";"2015.09.22 19:52:00";"30.0";"-2658.12";"4239.50000";"4404.50000";"26898.17";"0.00";"IST";"SL";"22h 52m";"-183.12"
"72";"USTEC_ICM_UTC2";"Buy";"4234.9";"4317.4";"2015.09.22 20:30:00";"2015.09.25 11:55:00";"30.0";"1925.64";"4152.39990";"4317.39990";"28823.81";"0.00";"IST";"PT";"2d 15h 25m";"-549.36"
"73";"USTEC_ICM_UTC2";"Buy";"4295.0";"4212.5";"2015.09.25 18:30:00";"2015.09.25 22:05:00";"30.0";"-2475.00";"4212.50000";"4377.50000";"26348.81";"0.00";"IST";"SL";"3h 35m";"-0.00"
"74";"USTEC_ICM_UTC2";"Buy";"4137.8";"4055.3";"2015.09.28 19:30:00";"2015.09.29 22:27:00";"30.0";"-2658.12";"4055.30005";"4220.29980";"23690.69";"0.00";"IST";"SL";"1d 2h 57m";"-183.12"
"75";"USTEC_ICM_UTC2";"Buy";"4139.0";"4221.5";"2015.09.30 20:15:00";"2015.10.01 09:35:00";"30.0";"2291.88";"4056.50000";"4221.50000";"25982.57";"0.00";"IST";"PT";"13h 20m";"-183.12"
"76";"USTEC_ICM_UTC2";"Buy";"4144.0";"4226.5";"2015.10.01 19:00:00";"2015.10.02 15:01:00";"30.0";"2291.88";"4061.50000";"4226.50000";"28274.45";"0.00";"IST";"PT";"20h 1m";"-183.12"
"77";"USTEC_ICM_UTC2";"Buy";"4229.0";"4263.1";"2015.10.02 21:45:00";"2015.10.02 22:55:00";"30.0";"1023.00";"4146.50000";"4311.50000";"29297.45";"0.00";"IST";"End Of Friday (Time)";"1h 10m";"-0.00"
"78";"USTEC_ICM_UTC2";"Buy";"4304.5";"4366.8";"2015.10.06 20:30:00";"2015.10.09 22:55:00";"30.0";"1319.64";"4222.00000";"4387.00000";"30617.09";"0.00";"IST";"End Of Friday (Time)";"3d 2h 25m";"-549.36"
"79";"USTEC_ICM_UTC2";"Buy";"4382.8";"4434.3";"2015.10.12 18:30:00";"2015.10.16 22:55:00";"30.0";"812.52";"4300.29980";"4465.29980";"31429.61";"0.00";"IST";"End Of Friday (Time)";"4d 4h 25m";"-732.48"
"80";"USTEC_ICM_UTC2";"Buy";"4453.4";"4582.1";"2015.10.19 18:30:00";"2015.10.23 09:00:00";"30.0";"3129.24";"4370.89990";"4535.89990";"34558.85";"0.00";"IST";"PT";"3d 14h 30m";"-732.48"
"81";"USTEC_ICM_UTC2";"Buy";"4609.0";"4627.9";"2015.10.23 18:45:00";"2015.10.23 22:55:00";"30.0";"567.00";"4526.50000";"4691.50000";"35125.85";"0.00";"IST";"End Of Friday (Time)";"4h 10m";"-0.00"
"82";"USTEC_ICM_UTC2";"Buy";"4625.0";"4707.5";"2015.10.26 20:00:00";"2015.11.03 18:34:00";"30.0";"1010.04";"4542.50000";"4707.50000";"36135.89";"0.00";"IST";"PT";"7d 22h 34m";"-1464.96"
"83";"USTEC_ICM_UTC2";"Buy";"4721.3";"4701.5";"2015.11.03 20:30:00";"2015.11.06 22:55:00";"30.0";"-1143.36";"4638.79980";"4803.79980";"34992.53";"0.00";"IST";"End Of Friday (Time)";"3d 2h 25m";"-549.36"
"84";"USTEC_ICM_UTC2";"Buy";"4632.3";"4549.8";"2015.11.09 18:30:00";"2015.11.13 17:06:00";"30.0";"-3207.48";"4549.79980";"4714.79980";"31785.05";"0.00";"IST";"SL";"3d 22h 36m";"-732.48"
"85";"USTEC_ICM_UTC2";"Buy";"4530.1";"4506.7";"2015.11.13 20:45:00";"2015.11.13 22:55:00";"30.0";"-702.00";"4447.60010";"4612.60010";"31083.05";"0.00";"IST";"End Of Friday (Time)";"2h 10m";"-0.00"
"86";"USTEC_ICM_UTC2";"Buy";"4493.6";"4576.1";"2015.11.16 18:30:00";"2015.11.17 11:34:00";"30.0";"2291.88";"4411.10010";"4576.10010";"33374.93";"0.00";"IST";"PT";"17h 4m";"-183.12"
"87";"USTEC_ICM_UTC2";"Buy";"4564.9";"4647.4";"2015.11.17 22:30:00";"2015.11.18 22:37:00";"30.0";"2291.88";"4482.39990";"4647.39990";"35666.81";"0.00";"IST";"PT";"1d 0h 7m";"-183.12"
"88";"USTEC_ICM_UTC2";"Buy";"4656.8";"4682.7";"2015.11.19 22:15:00";"2015.11.20 22:55:00";"30.0";"593.88";"4574.29980";"4739.29980";"36260.69";"0.00";"IST";"End Of Friday (Time)";"1d 0h 40m";"-183.12"
"89";"USTEC_ICM_UTC2";"Buy";"4655.2";"4737.7";"2015.11.24 18:45:00";"2015.12.02 17:00:00";"30.0";"1010.04";"4572.70020";"4737.70020";"37270.73";"0.00";"IST";"PT";"7d 22h 15m";"-1464.96"
"90";"USTEC_ICM_UTC2";"Buy";"4732.7";"4650.2";"2015.12.02 19:45:00";"2015.12.03 19:13:00";"30.0";"-2658.12";"4650.20020";"4815.20020";"34612.61";"0.00";"IST";"SL";"23h 28m";"-183.12"
"91";"USTEC_ICM_UTC2";"Buy";"4639.2";"4721.7";"2015.12.03 19:45:00";"2015.12.04 22:00:00";"30.0";"2291.88";"4556.70020";"4721.70020";"36904.49";"0.00";"IST";"PT";"1d 2h 15m";"-183.12"
"92";"USTEC_ICM_UTC2";"Buy";"4722.4";"4714.8";"2015.12.04 22:15:00";"2015.12.04 22:55:00";"30.0";"-228.00";"4639.89990";"4804.89990";"36676.49";"0.00";"IST";"End Of Friday (Time)";"40m 0s";"-0.00"
"93";"USTEC_ICM_UTC2";"Buy";"4681.3";"4598.8";"2015.12.07 20:45:00";"2015.12.09 19:41:00";"30.0";"-2841.24";"4598.79980";"4763.79980";"33835.25";"0.00";"IST";"SL";"1d 22h 56m";"-366.24"
"94";"USTEC_ICM_UTC2";"Buy";"4607.0";"4536.0";"2015.12.09 19:45:00";"2015.12.11 22:55:00";"30.0";"-2496.24";"4524.50000";"4689.50000";"31339.01";"0.00";"IST";"End Of Friday (Time)";"2d 3h 10m";"-366.24"
"95";"USTEC_ICM_UTC2";"Buy";"4497.8";"4580.3";"2015.12.14 18:30:00";"2015.12.15 10:11:00";"30.0";"2291.88";"4415.29980";"4580.29980";"33630.89";"0.00";"IST";"PT";"15h 41m";"-183.12"
"96";"USTEC_ICM_UTC2";"Buy";"4599.2";"4681.7";"2015.12.16 18:30:00";"2015.12.17 12:01:00";"30.0";"2291.88";"4516.70020";"4681.70020";"35922.77";"0.00";"IST";"PT";"17h 31m";"-183.12"
"97";"USTEC_ICM_UTC2";"Buy";"4637.4";"4554.9";"2015.12.17 19:15:00";"2015.12.18 09:10:00";"30.0";"-2658.12";"4554.89990";"4719.89990";"33264.65";"0.00";"IST";"SL";"13h 55m";"-183.12"
"98";"USTEC_ICM_UTC2";"Buy";"4566.1";"4523.6";"2015.12.18 18:30:00";"2015.12.18 22:55:00";"30.0";"-1275.00";"4483.60010";"4648.60010";"31989.65";"0.00";"IST";"End Of Friday (Time)";"4h 25m";"-0.00"
"99";"USTEC_ICM_UTC2";"Buy";"4548.0";"4630.5";"2015.12.21 21:15:00";"2015.12.24 16:35:00";"30.0";"1925.64";"4465.50000";"4630.50000";"33915.29";"0.00";"IST";"PT";"2d 19h 20m";"-549.36"
"100";"USTEC_ICM_UTC2";"Buy";"4681.3";"4547.9";"2015.12.29 18:45:00";"2016.01.04 09:00:00";"30.0";"-5100.03";"4598.79980";"4763.79980";"28815.26";"0.00";"IST";"SL";"5d 14h 15m";"-1098.72"
"101";"USTEC_ICM_UTC2";"Buy";"4453.7";"4371.2";"2016.01.04 18:30:00";"2016.01.07 09:40:00";"30.0";"-3024.36";"4371.20020";"4536.20020";"25790.90";"0.00";"IST";"SL";"2d 15h 10m";"-549.36"
"102";"USTEC_ICM_UTC2";"Buy";"4322.9";"4267.8";"2016.01.07 22:00:00";"2016.01.08 22:55:00";"30.0";"-1836.12";"4240.39990";"4405.39990";"23954.78";"0.00";"IST";"End Of Friday (Time)";"1d 0h 55m";"-183.12"
"103";"USTEC_ICM_UTC2";"Buy";"4304.9";"4222.4";"2016.01.12 20:45:00";"2016.01.13 21:00:00";"30.0";"-2658.12";"4222.39990";"4387.39990";"21296.66";"0.00";"IST";"SL";"1d 0h 15m";"-183.12"
"104";"USTEC_ICM_UTC2";"Buy";"4197.0";"4279.5";"2016.01.13 22:45:00";"2016.01.14 20:36:00";"30.0";"2291.88";"4114.50000";"4279.50000";"23588.54";"0.00";"IST";"PT";"21h 51m";"-183.12"
"105";"USTEC_ICM_UTC2";"Buy";"4268.0";"4185.5";"2016.01.14 20:45:00";"2016.01.15 12:18:00";"30.0";"-2658.12";"4185.50000";"4350.50000";"20930.42";"0.00";"IST";"SL";"15h 33m";"-183.12"
"106";"USTEC_ICM_UTC2";"Buy";"4121.9";"4141.0";"2016.01.15 20:30:00";"2016.01.15 22:55:00";"30.0";"573.00";"4039.39990";"4204.39990";"21503.42";"0.00";"IST";"End Of Friday (Time)";"2h 25m";"-0.00"
"107";"USTEC_ICM_UTC2";"Buy";"4036.5";"4119.0";"2016.01.20 18:45:00";"2016.01.20 22:06:00";"30.0";"2475.00";"3954.00000";"4119.00000";"23978.42";"0.00";"IST";"PT";"3h 21m";"-0.00"
"108";"USTEC_ICM_UTC2";"Buy";"4165.1";"4247.6";"2016.01.21 17:45:00";"2016.01.22 17:18:00";"30.0";"2291.88";"4082.60010";"4247.60010";"26270.30";"0.00";"IST";"PT";"23h 33m";"-183.12"
"109";"USTEC_ICM_UTC2";"Buy";"4200.4";"4117.9";"2016.01.27 20:30:00";"2016.01.27 22:12:00";"30.0";"-2475.00";"4117.89990";"4282.89990";"23795.30";"0.00";"IST";"SL";"1h 42m";"-0.00"
"110";"USTEC_ICM_UTC2";"Buy";"4163.0";"4245.5";"2016.01.28 18:30:00";"2016.01.29 19:20:00";"30.0";"2291.88";"4080.50000";"4245.50000";"26087.18";"0.00";"IST";"PT";"1d 0h 50m";"-183.12"
"111";"USTEC_ICM_UTC2";"Buy";"4144.1";"4061.6";"2016.02.03 18:30:00";"2016.02.05 18:05:00";"30.0";"-2841.24";"4061.60010";"4226.60010";"23245.94";"0.00";"IST";"SL";"1d 23h 35m";"-366.24"
"112";"USTEC_ICM_UTC2";"Buy";"4048.4";"4007.7";"2016.02.05 19:15:00";"2016.02.05 22:55:00";"30.0";"-1221.00";"3965.89990";"4130.89990";"22024.94";"0.00";"IST";"End Of Friday (Time)";"3h 40m";"-0.00"
"113";"USTEC_ICM_UTC2";"Buy";"3932.1";"4014.6";"2016.02.08 19:15:00";"2016.02.10 15:15:00";"30.0";"2108.76";"3849.60010";"4014.60010";"24133.70";"0.00";"IST";"PT";"1d 20h 0m";"-366.24"
"114";"USTEC_ICM_UTC2";"Buy";"4002.8";"3920.3";"2016.02.10 19:00:00";"2016.02.11 10:20:00";"30.0";"-2658.12";"3920.30005";"4085.30005";"21475.58";"0.00";"IST";"SL";"15h 20m";"-183.12"
"115";"USTEC_ICM_UTC2";"Buy";"4177.8";"4165.4";"2016.02.17 19:15:00";"2016.02.19 22:55:00";"30.0";"-738.24";"4095.30005";"4260.29980";"20737.34";"0.00";"IST";"End Of Friday (Time)";"2d 3h 40m";"-366.24"
"116";"USTEC_ICM_UTC2";"Buy";"4171.4";"4088.9";"2016.02.23 18:15:00";"2016.02.24 17:31:00";"30.0";"-2658.12";"4088.89990";"4253.89990";"18079.22";"0.00";"IST";"SL";"23h 16m";"-183.12"
"117";"USTEC_ICM_UTC2";"Buy";"4126.5";"4209.0";"2016.02.24 18:45:00";"2016.02.25 10:02:00";"30.0";"2291.88";"4044.00000";"4209.00000";"20371.10";"0.00";"IST";"PT";"15h 17m";"-183.12"
"118";"USTEC_ICM_UTC2";"Buy";"4191.6";"4274.1";"2016.02.25 18:00:00";"2016.02.26 10:04:00";"30.0";"2291.88";"4109.10010";"4274.10010";"22662.98";"0.00";"IST";"PT";"16h 4m";"-183.12"
"119";"USTEC_ICM_UTC2";"Buy";"4261.5";"4239.1";"2016.02.26 17:00:00";"2016.02.26 22:55:00";"30.0";"-672.00";"4179.00000";"4344.00000";"21990.98";"0.00";"IST";"End Of Friday (Time)";"5h 55m";"-0.00"
"120";"USTEC_ICM_UTC2";"Buy";"4250.7";"4355.3";"2016.02.29 18:30:00";"2016.03.02 09:00:00";"30.0";"2772.03";"4168.20020";"4333.20020";"24763.01";"0.00";"IST";"PT";"1d 14h 30m";"-366.24"
"121";"USTEC_ICM_UTC2";"Buy";"4327.1";"4244.6";"2016.03.07 18:45:00";"2016.03.10 19:40:00";"30.0";"-3024.36";"4244.60010";"4409.60010";"21738.65";"0.00";"IST";"SL";"3d 0h 55m";"-549.36"
"122";"USTEC_ICM_UTC2";"Buy";"4250.2";"4332.7";"2016.03.10 20:45:00";"2016.03.11 09:16:00";"30.0";"2291.88";"4167.70020";"4332.70020";"24030.53";"0.00";"IST";"PT";"12h 31m";"-183.12"
"123";"USTEC_ICM_UTC2";"Buy";"4372.7";"4455.2";"2016.03.16 20:15:00";"2016.03.29 21:02:00";"30.0";"94.44";"4290.20020";"4455.20020";"24124.97";"0.00";"IST";"PT";"13d 0h 47m";"-2380.56"
"124";"USTEC_ICM_UTC2";"Buy";"4468.3";"4526.5";"2016.03.29 21:30:00";"2016.04.01 22:55:00";"30.0";"1196.64";"4385.79980";"4550.79980";"25321.61";"0.00";"IST";"End Of Friday (Time)";"3d 1h 25m";"-549.36"
"125";"USTEC_ICM_UTC2";"Buy";"4521.1";"4469.5";"2016.04.04 19:15:00";"2016.04.08 22:55:00";"30.0";"-2280.48";"4438.60010";"4603.60010";"23041.13";"0.00";"IST";"End Of Friday (Time)";"4d 3h 40m";"-732.48"
"126";"USTEC_ICM_UTC2";"Buy";"4499.5";"4542.9";"2016.04.11 20:30:00";"2016.04.15 22:55:00";"30.0";"569.52";"4417.00000";"4582.00000";"23610.65";"0.00";"IST";"End Of Friday (Time)";"4d 2h 25m";"-732.48"
"127";"USTEC_ICM_UTC2";"Buy";"4545.9";"4463.4";"2016.04.19 18:45:00";"2016.04.22 17:20:00";"30.0";"-3024.36";"4463.39990";"4628.39990";"20586.29";"0.00";"IST";"SL";"2d 22h 35m";"-549.36"
"128";"USTEC_ICM_UTC2";"Buy";"4454.2";"4473.7";"2016.04.22 18:45:00";"2016.04.22 22:55:00";"30.0";"585.00";"4371.70020";"4536.70020";"21171.29";"0.00";"IST";"End Of Friday (Time)";"4h 10m";"-0.00"
"129";"USTEC_ICM_UTC2";"Buy";"4457.9";"4375.4";"2016.04.25 18:15:00";"2016.04.28 22:15:00";"30.0";"-3024.36";"4375.39990";"4540.39990";"18146.93";"0.00";"IST";"SL";"3d 4h 0m";"-549.36"
"130";"USTEC_ICM_UTC2";"Buy";"4333.7";"4340.2";"2016.04.29 18:15:00";"2016.04.29 22:55:00";"30.0";"195.00";"4251.20020";"4416.20020";"18341.93";"0.00";"IST";"End Of Friday (Time)";"4h 40m";"-0.00"
"131";"USTEC_ICM_UTC2";"Buy";"4348.1";"4325.8";"2016.05.02 18:30:00";"2016.05.06 22:55:00";"30.0";"-1401.48";"4265.60010";"4430.60010";"16940.45";"0.00";"IST";"End Of Friday (Time)";"4d 4h 25m";"-732.48"
"132";"USTEC_ICM_UTC2";"Buy";"4341.8";"4325.4";"2016.05.09 18:30:00";"2016.05.13 22:55:00";"30.0";"-1224.48";"4259.29980";"4424.29980";"15715.97";"0.00";"IST";"End Of Friday (Time)";"4d 4h 25m";"-732.48"
"133";"USTEC_ICM_UTC2";"Buy";"4374.1";"4291.6";"2016.05.16 19:15:00";"2016.05.19 17:15:00";"30.0";"-3024.36";"4291.60010";"4456.60010";"12691.61";"0.00";"IST";"SL";"2d 22h 0m";"-549.36"
"134";"USTEC_ICM_UTC2";"Buy";"4293.4";"4375.9";"2016.05.19 19:00:00";"2016.05.20 18:33:00";"30.0";"2291.88";"4210.89990";"4375.89990";"14983.49";"0.00";"IST";"PT";"23h 33m";"-183.12"
"135";"USTEC_ICM_UTC2";"Buy";"4448.5";"4509.4";"2016.05.24 22:30:00";"2016.05.27 22:55:00";"30.0";"1277.64";"4366.00000";"4531.00000";"16261.13";"0.00";"IST";"End Of Friday (Time)";"3d 0h 25m";"-549.36"
"136";"USTEC_ICM_UTC2";"Buy";"4510.9";"4512.5";"2016.05.31 19:15:00";"2016.06.03 22:55:00";"30.0";"-501.36";"4428.39990";"4593.39990";"15759.77";"0.00";"IST";"End Of Friday (Time)";"3d 3h 40m";"-549.36"
"137";"USTEC_ICM_UTC2";"Buy";"4530.1";"4447.6";"2016.06.06 21:00:00";"2016.06.10 22:10:00";"30.0";"-3207.48";"4447.60010";"4612.60010";"12552.29";"0.00";"IST";"SL";"4d 1h 10m";"-732.48"
"138";"USTEC_ICM_UTC2";"Buy";"4447.3";"4458.3";"2016.06.10 22:15:00";"2016.06.10 22:55:00";"30.0";"330.00";"4364.79980";"4529.79980";"12882.29";"0.00";"IST";"End Of Friday (Time)";"40m 0s";"-0.00"
"139";"USTEC_ICM_UTC2";"Buy";"4450.7";"4368.2";"2016.06.13 18:15:00";"2016.06.16 17:22:00";"30.0";"-3024.36";"4368.20020";"4533.20020";"9857.93";"0.00";"IST";"SL";"2d 23h 7m";"-549.36"
"140";"USTEC_ICM_UTC2";"Buy";"4402.9";"4371.9";"2016.06.16 20:45:00";"2016.06.17 22:55:00";"30.0";"-1113.12";"4320.39990";"4485.39990";"8744.81";"0.00";"IST";"End Of Friday (Time)";"1d 2h 10m";"-183.12"
"141";"USTEC_ICM_UTC2";"Buy";"4408.2";"4254.8";"2016.06.22 22:45:00";"2016.06.24 09:00:00";"30.0";"-4969.11";"4325.70020";"4490.70020";"3775.70";"0.00";"IST";"SL";"1d 10h 15m";"-366.24"
"142";"USTEC_ICM_UTC2";"Buy";"4362.2";"4279.7";"2016.06.24 17:15:00";"2016.06.24 22:14:00";"30.0";"-2475.00";"4279.70020";"4444.70020";"1300.70";"0.00";"IST";"SL";"4h 59m";"-0.00"
"143";"USTEC_ICM_UTC2";"Buy";"4202.7";"4285.2";"2016.06.27 19:00:00";"2016.06.28 22:11:00";"30.0";"2291.88";"4120.20020";"4285.20020";"3592.58";"0.00";"IST";"PT";"1d 3h 11m";"-183.12"
"144";"USTEC_ICM_UTC2";"Buy";"4437.6";"4439.8";"2016.07.01 20:45:00";"2016.07.01 22:55:00";"30.0";"66.00";"4355.10010";"4520.10010";"3658.58";"0.00";"IST";"End Of Friday (Time)";"2h 10m";"-0.00"
"145";"USTEC_ICM_UTC2";"Buy";"4398.1";"4480.6";"2016.07.05 19:00:00";"2016.07.08 15:30:00";"30.0";"1925.64";"4315.60010";"4480.60010";"5584.22";"0.00";"IST";"PT";"2d 20h 30m";"-549.36"
"146";"USTEC_ICM_UTC2";"Buy";"4582.0";"4587.5";"2016.07.12 18:30:00";"2016.07.15 22:55:00";"30.0";"-384.36";"4499.50000";"4664.50000";"5199.86";"0.00";"IST";"End Of Friday (Time)";"3d 4h 25m";"-549.36"
"147";"USTEC_ICM_UTC2";"Buy";"4626.1";"4663.1";"2016.07.18 18:45:00";"2016.07.22 22:55:00";"30.0";"377.52";"4543.60010";"4708.60010";"5577.38";"0.00";"IST";"End Of Friday (Time)";"4d 4h 10m";"-732.48"
"148";"USTEC_ICM_UTC2";"Buy";"4655.0";"4737.5";"2016.07.25 19:00:00";"2016.07.29 18:09:00";"30.0";"1742.52";"4572.50000";"4737.50000";"7319.90";"0.00";"IST";"PT";"3d 23h 9m";"-732.48"
"149";"USTEC_ICM_UTC2";"Buy";"4742.8";"4735.0";"2016.07.29 19:15:00";"2016.07.29 22:55:00";"30.0";"-234.00";"4660.29980";"4825.29980";"7085.90";"0.00";"IST";"End Of Friday (Time)";"3h 40m";"-0.00"
"150";"USTEC_ICM_UTC2";"Buy";"4764.0";"4789.5";"2016.08.01 18:45:00";"2016.08.05 22:55:00";"30.0";"32.52";"4681.50000";"4846.50000";"7118.42";"0.00";"IST";"End Of Friday (Time)";"4d 4h 10m";"-732.48"
"151";"USTEC_ICM_UTC2";"Buy";"4777.7";"4804.8";"2016.08.08 18:30:00";"2016.08.12 22:55:00";"30.0";"80.52";"4695.20020";"4860.20020";"7198.94";"0.00";"IST";"End Of Friday (Time)";"4d 4h 25m";"-732.48"
"152";"USTEC_ICM_UTC2";"Buy";"4805.7";"4805.5";"2016.08.16 18:45:00";"2016.08.19 22:55:00";"30.0";"-555.36";"4723.20020";"4888.20020";"6643.58";"0.00";"IST";"End Of Friday (Time)";"3d 4h 10m";"-549.36"
"153";"USTEC_ICM_UTC2";"Buy";"4807.8";"4780.7";"2016.08.22 22:30:00";"2016.08.26 22:55:00";"30.0";"-1545.48";"4725.29980";"4890.29980";"5098.10";"0.00";"IST";"End Of Friday (Time)";"4d 0h 25m";"-732.48"
"154";"USTEC_ICM_UTC2";"Buy";"4803.1";"4796.7";"2016.08.29 20:30:00";"2016.09.02 22:55:00";"30.0";"-924.48";"4720.60010";"4885.60010";"4173.62";"0.00";"IST";"End Of Friday (Time)";"4d 2h 25m";"-732.48"
"155";"USTEC_ICM_UTC2";"Buy";"4809.2";"4726.7";"2016.09.08 18:00:00";"2016.09.09 19:16:00";"30.0";"-2658.12";"4726.70020";"4891.70020";"1515.50";"0.00";"IST";"SL";"1d 1h 16m";"-183.12"
"156";"USTEC_ICM_UTC2";"Buy";"4714.1";"4692.6";"2016.09.09 20:15:00";"2016.09.09 22:55:00";"30.0";"-645.00";"4631.60010";"4796.60010";"870.50";"0.00";"IST";"End Of Friday (Time)";"2h 40m";"-0.00"
"157";"USTEC_ICM_UTC2";"Buy";"4729.4";"4811.9";"2016.09.12 18:45:00";"2016.09.15 20:43:00";"30.0";"1925.64";"4646.89990";"4811.89990";"2796.14";"0.00";"IST";"PT";"3d 1h 58m";"-549.36"
"158";"USTEC_ICM_UTC2";"Buy";"4814.6";"4817.8";"2016.09.15 20:45:00";"2016.09.16 22:55:00";"30.0";"-87.12";"4732.10010";"4897.10010";"2709.02";"0.00";"IST";"End Of Friday (Time)";"1d 2h 10m";"-183.12"
"159";"USTEC_ICM_UTC2";"Buy";"4807.4";"4889.9";"2016.09.19 21:45:00";"2016.09.22 17:33:00";"30.0";"1925.64";"4724.89990";"4889.89990";"4634.66";"0.00";"IST";"PT";"2d 19h 48m";"-549.36"
"160";"USTEC_ICM_UTC2";"Buy";"4894.0";"4864.7";"2016.09.22 20:45:00";"2016.09.23 22:55:00";"30.0";"-1062.12";"4811.50000";"4976.50000";"3572.54";"0.00";"IST";"End Of Friday (Time)";"1d 2h 10m";"-183.12"
"161";"USTEC_ICM_UTC2";"Buy";"4823.8";"4885.2";"2016.09.26 20:00:00";"2016.09.30 22:55:00";"30.0";"1109.52";"4741.29980";"4906.29980";"4682.06";"0.00";"IST";"End Of Friday (Time)";"4d 2h 55m";"-732.48"
"162";"USTEC_ICM_UTC2";"Buy";"4856.5";"4867.2";"2016.10.03 20:30:00";"2016.10.07 22:55:00";"30.0";"-411.48";"4774.00000";"4939.00000";"4270.58";"0.00";"IST";"End Of Friday (Time)";"4d 2h 25m";"-732.48"
"163";"USTEC_ICM_UTC2";"Buy";"4815.1";"4811.0";"2016.10.11 21:15:00";"2016.10.14 22:55:00";"30.0";"-672.36";"4732.60010";"4897.60010";"3598.22";"0.00";"IST";"End Of Friday (Time)";"3d 1h 40m";"-549.36"
"164";"USTEC_ICM_UTC2";"Buy";"4796.2";"4851.5";"2016.10.17 20:45:00";"2016.10.21 22:55:00";"30.0";"926.52";"4713.70020";"4878.70020";"4524.74";"0.00";"IST";"End Of Friday (Time)";"4d 2h 10m";"-732.48"
"165";"USTEC_ICM_UTC2";"Buy";"4900.5";"4817.9";"2016.10.24 18:30:00";"2016.10.28 09:00:00";"30.0";"-3211.41";"4818.00000";"4983.00000";"1313.33";"0.00";"IST";"SL";"3d 14h 30m";"-732.48"
"166";"USTEC_ICM_UTC2";"Buy";"4826.8";"4802.8";"2016.10.28 17:15:00";"2016.10.28 22:55:00";"30.0";"-720.00";"4744.29980";"4909.29980";"593.33";"0.00";"IST";"End Of Friday (Time)";"5h 40m";"-0.00"
"167";"USTEC_ICM_UTC2";"Buy";"4766.3";"4683.8";"2016.11.01 22:00:00";"2016.11.03 20:39:00";"30.0";"-2841.24";"4683.79980";"4848.79980";"-2247.91";"0.00";"IST";"SL";"1d 22h 39m";"-366.24"
"168";"USTEC_ICM_UTC2";"Buy";"4683.5";"4766.0";"2016.11.03 20:45:00";"2016.11.07 18:12:00";"30.0";"1742.52";"4601.00000";"4766.00000";"-505.39";"0.00";"IST";"PT";"3d 21h 27m";"-732.48"
"169";"USTEC_ICM_UTC2";"Buy";"4773.1";"4594.8";"2016.11.07 20:45:00";"2016.11.09 09:00:00";"30.0";"-5715.21";"4690.60010";"4855.60010";"-6220.60";"0.00";"IST";"SL";"1d 12h 15m";"-366.24"
"170";"USTEC_ICM_UTC2";"Buy";"4746.2";"4828.7";"2016.11.09 16:30:00";"2016.11.09 18:52:00";"30.0";"2475.00";"4663.70020";"4828.70020";"-3745.60";"0.00";"IST";"PT";"2h 22m";"-0.00"
"171";"USTEC_ICM_UTC2";"Buy";"4854.0";"4771.5";"2016.11.10 16:45:00";"2016.11.10 17:19:00";"30.0";"-2475.00";"4771.50000";"4936.50000";"-6220.60";"0.00";"IST";"SL";"34m 0s";"-0.00"
"172";"USTEC_ICM_UTC2";"Buy";"4723.1";"4754.0";"2016.11.11 18:30:00";"2016.11.11 22:55:00";"30.0";"927.00";"4640.60010";"4805.60010";"-5293.60";"0.00";"IST";"End Of Friday (Time)";"4h 25m";"-0.00"
"173";"USTEC_ICM_UTC2";"Buy";"4701.0";"4783.5";"2016.11.14 19:00:00";"2016.11.16 17:35:00";"30.0";"2108.76";"4618.50000";"4783.50000";"-3184.84";"0.00";"IST";"PT";"1d 22h 35m";"-366.24"
"174";"USTEC_ICM_UTC2";"Buy";"4789.0";"4809.5";"2016.11.16 19:15:00";"2016.11.18 22:55:00";"30.0";"248.76";"4706.50000";"4871.50000";"-2936.08";"0.00";"IST";"End Of Friday (Time)";"2d 3h 40m";"-366.24"
"175";"USTEC_ICM_UTC2";"Buy";"4849.0";"4766.5";"2016.11.21 18:45:00";"2016.12.01 17:30:00";"30.0";"-4306.20";"4766.50000";"4931.50000";"-7242.28";"0.00";"IST";"SL";"9d 22h 45m";"-1831.20"
"176";"USTEC_ICM_UTC2";"Buy";"4751.5";"4736.6";"2016.12.01 17:45:00";"2016.12.02 22:55:00";"30.0";"-630.12";"4669.00000";"4834.00000";"-7872.40";"0.00";"IST";"End Of Friday (Time)";"1d 5h 10m";"-183.12"
"177";"USTEC_ICM_UTC2";"Buy";"4783.8";"4866.3";"2016.12.05 18:30:00";"2016.12.08 18:08:00";"30.0";"1925.64";"4701.29980";"4866.29980";"-5946.76";"0.00";"IST";"PT";"2d 23h 38m";"-549.36"
"178";"USTEC_ICM_UTC2";"Buy";"4858.5";"4891.8";"2016.12.08 18:45:00";"2016.12.09 22:55:00";"30.0";"815.88";"4776.00000";"4941.00000";"-5130.88";"0.00";"IST";"End Of Friday (Time)";"1d 4h 10m";"-183.12"
"179";"USTEC_ICM_UTC2";"Buy";"4860.2";"4942.7";"2016.12.12 20:15:00";"2016.12.13 17:25:00";"30.0";"2291.88";"4777.70020";"4942.70020";"-2839.00";"0.00";"IST";"PT";"21h 10m";"-183.12"
"180";"USTEC_ICM_UTC2";"Buy";"4958.5";"4915.4";"2016.12.13 19:00:00";"2016.12.16 22:55:00";"30.0";"-1842.36";"4876.00000";"5041.00000";"-4681.36";"0.00";"IST";"End Of Friday (Time)";"3d 3h 55m";"-549.36"
"181";"USTEC_ICM_UTC2";"Buy";"4955.9";"4937.4";"2016.12.20 18:30:00";"2016.12.23 22:55:00";"30.0";"-1104.36";"4873.39990";"5038.39990";"-5785.72";"0.00";"IST";"End Of Friday (Time)";"3d 4h 25m";"-549.36"
"182";"USTEC_ICM_UTC2";"Buy";"4973.5";"4891.0";"2016.12.27 21:00:00";"2016.12.30 16:57:00";"30.0";"-3024.36";"4891.00000";"5056.00000";"-8810.08";"0.00";"IST";"SL";"2d 19h 57m";"-549.36"
"183";"USTEC_ICM_UTC2";"Buy";"4881.5";"4853.4";"2016.12.30 18:30:00";"2016.12.30 22:55:00";"30.0";"-843.00";"4799.00000";"4964.00000";"-9653.08";"0.00";"IST";"End Of Friday (Time)";"4h 25m";"-0.00"
"184";"USTEC_ICM_UTC2";"Buy";"4891.4";"4973.9";"2017.01.03 19:15:00";"2017.01.06 16:43:00";"30.0";"1925.64";"4808.89990";"4973.89990";"-7727.44";"0.00";"IST";"PT";"2d 21h 28m";"-549.36"
"185";"USTEC_ICM_UTC2";"Buy";"5005.9";"5012.3";"2017.01.06 19:00:00";"2017.01.06 22:55:00";"30.0";"192.00";"4923.39990";"5088.39990";"-7535.44";"0.00";"IST";"End Of Friday (Time)";"3h 55m";"-0.00"
"186";"USTEC_ICM_UTC2";"Buy";"5023.2";"5057.8";"2017.01.09 18:30:00";"2017.01.13 22:55:00";"30.0";"305.52";"4940.70020";"5105.70020";"-7229.92";"0.00";"IST";"End Of Friday (Time)";"4d 4h 25m";"-732.48"
"187";"USTEC_ICM_UTC2";"Buy";"5046.4";"5057.9";"2017.01.18 19:15:00";"2017.01.20 22:55:00";"30.0";"-21.24";"4963.89990";"5128.89990";"-7251.16";"0.00";"IST";"End Of Friday (Time)";"2d 3h 40m";"-366.24"
"188";"USTEC_ICM_UTC2";"Buy";"5047.1";"5129.6";"2017.01.23 18:45:00";"2017.01.25 16:24:00";"30.0";"2108.76";"4964.60010";"5129.60010";"-5142.40";"0.00";"IST";"PT";"1d 21h 39m";"-366.24"
"189";"USTEC_ICM_UTC2";"Buy";"5149.5";"5163.8";"2017.01.25 20:45:00";"2017.01.27 22:55:00";"30.0";"62.76";"5067.00000";"5232.00000";"-5079.64";"0.00";"IST";"End Of Friday (Time)";"2d 2h 10m";"-366.24"
"190";"USTEC_ICM_UTC2";"Buy";"5117.4";"5160.6";"2017.01.30 18:45:00";"2017.02.03 22:55:00";"30.0";"563.52";"5034.89990";"5199.89990";"-4516.12";"0.00";"IST";"End Of Friday (Time)";"4d 4h 10m";"-732.48"
"191";"USTEC_ICM_UTC2";"Buy";"5163.0";"5226.6";"2017.02.06 22:30:00";"2017.02.10 22:55:00";"30.0";"1175.52";"5080.50000";"5245.50000";"-3340.60";"0.00";"IST";"End Of Friday (Time)";"4d 0h 25m";"-732.48"
"192";"USTEC_ICM_UTC2";"Buy";"5249.6";"5318.6";"2017.02.13 17:45:00";"2017.02.17 22:55:00";"30.0";"1337.52";"5167.10010";"5332.10010";"-2003.08";"0.00";"IST";"End Of Friday (Time)";"4d 5h 10m";"-732.48"
"193";"USTEC_ICM_UTC2";"Buy";"5338.4";"5339.0";"2017.02.21 20:15:00";"2017.02.24 22:55:00";"30.0";"-531.36";"5255.89990";"5420.89990";"-2534.44";"0.00";"IST";"End Of Friday (Time)";"3d 2h 40m";"-549.36"
"194";"USTEC_ICM_UTC2";"Buy";"5334.4";"5371.3";"2017.02.27 17:30:00";"2017.03.03 22:55:00";"30.0";"374.52";"5251.89990";"5416.89990";"-2159.92";"0.00";"IST";"End Of Friday (Time)";"4d 5h 25m";"-732.48"
"195";"USTEC_ICM_UTC2";"Buy";"5345.7";"5384.3";"2017.03.06 18:30:00";"2017.03.10 22:55:00";"30.0";"425.52";"5263.20020";"5428.20020";"-1734.40";"0.00";"IST";"End Of Friday (Time)";"4d 4h 25m";"-732.48"
"196";"USTEC_ICM_UTC2";"Buy";"5380.8";"5442.1";"2017.03.14 21:15:00";"2017.03.31 22:55:00";"30.0";"-1274.04";"5298.29980";"5463.29980";"-3008.44";"0.00";"IST";"End Of Friday (Time)";"17d 1h 40m";"-3113.04"
"197";"USTEC_ICM_UTC2";"Buy";"5409.5";"5420.4";"2017.04.03 19:15:00";"2017.04.07 22:55:00";"30.0";"-405.48";"5327.00000";"5492.00000";"-3413.92";"0.00";"IST";"End Of Friday (Time)";"4d 3h 40m";"-732.48"
"198";"USTEC_ICM_UTC2";"Buy";"5383.9";"5441.6";"2017.04.11 19:15:00";"2017.04.21 22:55:00";"30.0";"-100.20";"5301.39990";"5466.39990";"-3514.12";"0.00";"IST";"End Of Friday (Time)";"10d 3h 40m";"-1831.20"
"199";"USTEC_ICM_UTC2";"Buy";"5503.4";"5589.0";"2017.04.24 20:45:00";"2017.04.28 09:00:00";"30.0";"1834.59";"5420.89990";"5585.89990";"-1679.53";"0.00";"IST";"PT";"3d 12h 15m";"-732.48"
"200";"USTEC_ICM_UTC2";"Buy";"5586.1";"5583.6";"2017.04.28 19:45:00";"2017.04.28 22:55:00";"30.0";"-75.00";"5503.60010";"5668.60010";"-1754.53";"0.00";"IST";"End Of Friday (Time)";"3h 10m";"-0.00"
"201";"USTEC_ICM_UTC2";"Buy";"5634.4";"5642.8";"2017.05.01 21:00:00";"2017.05.05 22:55:00";"30.0";"-480.48";"5551.89990";"5716.89990";"-2235.01";"0.00";"IST";"End Of Friday (Time)";"4d 1h 55m";"-732.48"
"202";"USTEC_ICM_UTC2";"Buy";"5652.8";"5682.1";"2017.05.08 21:00:00";"2017.05.12 22:55:00";"30.0";"146.52";"5570.29980";"5735.29980";"-2088.49";"0.00";"IST";"End Of Friday (Time)";"4d 1h 55m";"-732.48"
"203";"USTEC_ICM_UTC2";"Buy";"5699.4";"5616.9";"2017.05.15 20:45:00";"2017.05.17 21:16:00";"30.0";"-2841.24";"5616.89990";"5781.89990";"-4929.73";"0.00";"IST";"SL";"2d 0h 31m";"-366.24"
"204";"USTEC_ICM_UTC2";"Buy";"5599.1";"5650.2";"2017.05.17 21:45:00";"2017.05.19 22:55:00";"30.0";"1166.76";"5516.60010";"5681.60010";"-3762.97";"0.00";"IST";"End Of Friday (Time)";"2d 1h 10m";"-366.24"
"205";"USTEC_ICM_UTC2";"Buy";"5697.3";"5779.8";"2017.05.23 20:30:00";"2017.05.25 19:35:00";"30.0";"2108.76";"5614.79980";"5779.79980";"-1654.21";"0.00";"IST";"PT";"1d 23h 5m";"-366.24"
"206";"USTEC_ICM_UTC2";"Buy";"5786.9";"5786.3";"2017.05.25 20:00:00";"2017.05.26 22:55:00";"30.0";"-201.12";"5704.39990";"5869.39990";"-1855.33";"0.00";"IST";"End Of Friday (Time)";"1d 2h 55m";"-183.12"
"207";"USTEC_ICM_UTC2";"Buy";"5782.9";"5865.4";"2017.05.31 19:30:00";"2017.06.02 20:04:00";"30.0";"2108.76";"5700.39990";"5865.39990";"253.43";"0.00";"IST";"PT";"2d 0h 34m";"-366.24"
"208";"USTEC_ICM_UTC2";"Buy";"5869.6";"5878.1";"2017.06.02 20:30:00";"2017.06.02 22:55:00";"30.0";"255.00";"5787.10010";"5952.10010";"508.43";"0.00";"IST";"End Of Friday (Time)";"2h 25m";"-0.00"
"209";"USTEC_ICM_UTC2";"Buy";"5880.5";"5798.0";"2017.06.05 20:45:00";"2017.06.09 20:12:00";"30.0";"-3207.48";"5798.00000";"5963.00000";"-2699.05";"0.00";"IST";"SL";"3d 23h 27m";"-732.48"
"210";"USTEC_ICM_UTC2";"Buy";"5780.9";"5698.4";"2017.06.09 20:45:00";"2017.06.09 21:48:00";"30.0";"-2475.00";"5698.39990";"5863.39990";"-5174.05";"0.00";"IST";"SL";"1h 3m";"-0.00"
"211";"USTEC_ICM_UTC2";"Buy";"5672.5";"5755.0";"2017.06.12 20:00:00";"2017.06.13 16:43:00";"30.0";"2291.88";"5590.00000";"5755.00000";"-2882.17";"0.00";"IST";"PT";"20h 43m";"-183.12"
"212";"USTEC_ICM_UTC2";"Buy";"5740.4";"5657.9";"2017.06.13 19:00:00";"2017.06.15 11:59:00";"30.0";"-2841.24";"5657.89990";"5822.89990";"-5723.41";"0.00";"IST";"SL";"1d 16h 59m";"-366.24"
"213";"USTEC_ICM_UTC2";"Buy";"5695.1";"5678.8";"2017.06.15 21:45:00";"2017.06.16 22:55:00";"30.0";"-672.12";"5612.60010";"5777.60010";"-6395.53";"0.00";"IST";"End Of Friday (Time)";"1d 1h 10m";"-183.12"
"214";"USTEC_ICM_UTC2";"Buy";"5739.8";"5802.2";"2017.06.20 21:30:00";"2017.06.23 22:55:00";"30.0";"1322.64";"5657.29980";"5822.29980";"-5072.89";"0.00";"IST";"End Of Friday (Time)";"3d 1h 25m";"-549.36"
"215";"USTEC_ICM_UTC2";"Buy";"5788.6";"5706.1";"2017.06.26 19:15:00";"2017.06.27 20:37:00";"30.0";"-2658.12";"5706.10010";"5871.10010";"-7731.01";"0.00";"IST";"SL";"1d 1h 22m";"-183.12"
"216";"USTEC_ICM_UTC2";"Buy";"5695.7";"5613.2";"2017.06.27 21:00:00";"2017.06.29 20:24:00";"30.0";"-2841.24";"5613.20020";"5778.20020";"-10572.25";"0.00";"IST";"SL";"1d 23h 24m";"-366.24"
"217";"USTEC_ICM_UTC2";"Buy";"5627.7";"5660.1";"2017.06.29 21:15:00";"2017.06.30 22:55:00";"30.0";"788.88";"5545.20020";"5710.20020";"-9783.37";"0.00";"IST";"End Of Friday (Time)";"1d 1h 40m";"-183.12"
"218";"USTEC_ICM_UTC2";"Buy";"5609.8";"5658.4";"2017.07.05 17:00:00";"2017.07.07 22:55:00";"30.0";"1091.76";"5527.29980";"5692.29980";"-8691.61";"0.00";"IST";"End Of Friday (Time)";"2d 5h 55m";"-366.24"
"219";"USTEC_ICM_UTC2";"Buy";"5689.9";"5772.4";"2017.07.11 20:15:00";"2017.07.12 20:38:00";"30.0";"2291.88";"5607.39990";"5772.39990";"-6399.73";"0.00";"IST";"PT";"1d 0h 23m";"-183.12"
"220";"USTEC_ICM_UTC2";"Buy";"5772.0";"5837.9";"2017.07.12 20:45:00";"2017.07.14 22:55:00";"30.0";"1610.76";"5689.50000";"5854.50000";"-4788.97";"0.00";"IST";"End Of Friday (Time)";"2d 2h 10m";"-366.24"
"221";"USTEC_ICM_UTC2";"Buy";"5837.3";"5919.8";"2017.07.17 19:00:00";"2017.07.19 20:10:00";"30.0";"2108.76";"5754.79980";"5919.79980";"-2680.21";"0.00";"IST";"PT";"2d 1h 10m";"-366.24"
"222";"USTEC_ICM_UTC2";"Buy";"5918.3";"5915.5";"2017.07.19 20:45:00";"2017.07.21 22:55:00";"30.0";"-450.24";"5835.79980";"6000.79980";"-3130.45";"0.00";"IST";"End Of Friday (Time)";"2d 2h 10m";"-366.24"
"223";"USTEC_ICM_UTC2";"Buy";"5912.7";"5908.5";"2017.07.24 18:30:00";"2017.07.28 22:55:00";"30.0";"-858.48";"5830.20020";"5995.20020";"-3988.93";"0.00";"IST";"End Of Friday (Time)";"4d 4h 25m";"-732.48"
"224";"USTEC_ICM_UTC2";"Buy";"5880.1";"5893.5";"2017.07.31 18:30:00";"2017.08.04 22:55:00";"30.0";"-330.48";"5797.60010";"5962.60010";"-4319.41";"0.00";"IST";"End Of Friday (Time)";"4d 4h 25m";"-732.48"
"225";"USTEC_ICM_UTC2";"Buy";"5926.1";"5843.6";"2017.08.07 20:30:00";"2017.08.10 17:03:00";"30.0";"-3024.36";"5843.60010";"6008.60010";"-7343.77";"0.00";"IST";"SL";"2d 20h 33m";"-549.36"
"226";"USTEC_ICM_UTC2";"Buy";"5851.0";"5768.5";"2017.08.10 18:15:00";"2017.08.11 11:18:00";"30.0";"-2658.12";"5768.50000";"5933.50000";"-10001.89";"0.00";"IST";"SL";"17h 3m";"-183.12"
"227";"USTEC_ICM_UTC2";"Buy";"5794.6";"5830.1";"2017.08.11 16:45:00";"2017.08.11 22:55:00";"30.0";"1065.00";"5712.10010";"5877.10010";"-8936.89";"0.00";"IST";"End Of Friday (Time)";"6h 10m";"-0.00"
"228";"USTEC_ICM_UTC2";"Buy";"5902.8";"5820.3";"2017.08.16 21:30:00";"2017.08.17 20:03:00";"30.0";"-2658.12";"5820.29980";"5985.29980";"-11595.01";"0.00";"IST";"SL";"22h 33m";"-183.12"
"229";"USTEC_ICM_UTC2";"Buy";"5833.4";"5793.9";"2017.08.17 21:00:00";"2017.08.18 22:55:00";"30.0";"-1368.12";"5750.89990";"5915.89990";"-12963.13";"0.00";"IST";"End Of Friday (Time)";"1d 1h 55m";"-183.12"
"230";"USTEC_ICM_UTC2";"Buy";"5776.9";"5859.4";"2017.08.21 20:45:00";"2017.08.22 18:31:00";"30.0";"2291.88";"5694.39990";"5859.39990";"-10671.25";"0.00";"IST";"PT";"21h 46m";"-183.12"
"231";"USTEC_ICM_UTC2";"Buy";"5831.0";"5826.6";"2017.08.25 19:15:00";"2017.08.25 22:55:00";"30.0";"-132.00";"5748.50000";"5913.50000";"-10803.25";"0.00";"IST";"End Of Friday (Time)";"3h 40m";"-0.00"
"232";"USTEC_ICM_UTC2";"Buy";"5840.8";"5923.3";"2017.08.28 21:15:00";"2017.08.30 20:26:00";"30.0";"2108.76";"5758.29980";"5923.29980";"-8694.49";"0.00";"IST";"PT";"1d 23h 11m";"-366.24"
"233";"USTEC_ICM_UTC2";"Buy";"5970.2";"5990.4";"2017.08.31 18:45:00";"2017.09.01 22:55:00";"30.0";"422.88";"5887.70020";"6052.70020";"-8271.61";"0.00";"IST";"End Of Friday (Time)";"1d 4h 10m";"-183.12"
"234";"USTEC_ICM_UTC2";"Buy";"5910.6";"5910.5";"2017.09.05 19:30:00";"2017.09.08 22:55:00";"30.0";"-552.36";"5828.10010";"5993.10010";"-8823.97";"0.00";"IST";"End Of Friday (Time)";"3d 3h 25m";"-549.36"
"235";"USTEC_ICM_UTC2";"Buy";"5976.3";"5987.0";"2017.09.11 22:45:00";"2017.09.15 22:55:00";"30.0";"-411.48";"5893.79980";"6058.79980";"-9235.45";"0.00";"IST";"End Of Friday (Time)";"4d 0h 10m";"-732.48"
"236";"USTEC_ICM_UTC2";"Buy";"6008.0";"5925.5";"2017.09.18 18:45:00";"2017.09.20 21:36:00";"30.0";"-2841.24";"5925.50000";"6090.50000";"-12076.69";"0.00";"IST";"SL";"2d 2h 51m";"-366.24"
"237";"USTEC_ICM_UTC2";"Buy";"5944.2";"5934.2";"2017.09.21 18:30:00";"2017.09.22 22:55:00";"30.0";"-483.12";"5861.70020";"6026.70020";"-12559.81";"0.00";"IST";"End Of Friday (Time)";"1d 4h 25m";"-183.12"
"238";"USTEC_ICM_UTC2";"Buy";"5856.4";"5938.9";"2017.09.25 19:45:00";"2017.09.27 21:14:00";"30.0";"2108.76";"5773.89990";"5938.89990";"-10451.05";"0.00";"IST";"PT";"2d 1h 29m";"-366.24"
"239";"USTEC_ICM_UTC2";"Buy";"5941.2";"5977.9";"2017.09.27 21:15:00";"2017.09.29 22:55:00";"30.0";"734.76";"5858.70020";"6023.70020";"-9716.29";"0.00";"IST";"End Of Friday (Time)";"2d 1h 40m";"-366.24"
"240";"USTEC_ICM_UTC2";"Buy";"5981.0";"6063.5";"2017.10.02 21:30:00";"2017.10.06 09:57:00";"30.0";"1742.52";"5898.50000";"6063.50000";"-7973.77";"0.00";"IST";"PT";"3d 12h 27m";"-732.48"
"241";"USTEC_ICM_UTC2";"Buy";"6054.3";"6062.3";"2017.10.06 19:00:00";"2017.10.06 22:55:00";"30.0";"240.00";"5971.79980";"6136.79980";"-7733.77";"0.00";"IST";"End Of Friday (Time)";"3h 55m";"-0.00"
"242";"USTEC_ICM_UTC2";"Buy";"6071.5";"6091.6";"2017.10.09 18:45:00";"2017.10.13 22:55:00";"30.0";"-129.48";"5989.00000";"6154.00000";"-7863.25";"0.00";"IST";"End Of Friday (Time)";"4d 4h 10m";"-732.48"
"243";"USTEC_ICM_UTC2";"Buy";"6102.9";"6100.8";"2017.10.16 21:00:00";"2017.10.20 22:55:00";"30.0";"-795.48";"6020.39990";"6185.39990";"-8658.73";"0.00";"IST";"End Of Friday (Time)";"4d 1h 55m";"-732.48"
"244";"USTEC_ICM_UTC2";"Buy";"6101.5";"6019.0";"2017.10.23 19:30:00";"2017.10.25 18:18:00";"30.0";"-2841.24";"6019.00000";"6184.00000";"-11499.97";"0.00";"IST";"SL";"1d 22h 48m";"-366.24"
"245";"USTEC_ICM_UTC2";"Buy";"6032.9";"6115.4";"2017.10.25 18:45:00";"2017.10.27 12:50:00";"30.0";"2108.76";"5950.39990";"6115.39990";"-9391.21";"0.00";"IST";"PT";"1d 18h 5m";"-366.24"
"246";"USTEC_ICM_UTC2";"Buy";"6192.8";"6216.9";"2017.10.27 18:45:00";"2017.10.27 22:55:00";"30.0";"723.00";"6110.29980";"6275.29980";"-8668.21";"0.00";"IST";"End Of Friday (Time)";"4h 10m";"-0.00"
"247";"USTEC_ICM_UTC2";"Buy";"6247.2";"6329.7";"2017.10.31 17:30:00";"2017.11.08 18:03:00";"30.0";"1010.04";"6164.70020";"6329.70020";"-7658.17";"0.00";"IST";"PT";"8d 0h 33m";"-1464.96"
"248";"USTEC_ICM_UTC2";"Buy";"6328.9";"6246.4";"2017.11.08 19:45:00";"2017.11.09 19:32:00";"30.0";"-2658.12";"6246.39990";"6411.39990";"-10316.29";"0.00";"IST";"SL";"23h 47m";"-183.12"
"249";"USTEC_ICM_UTC2";"Buy";"6278.4";"6309.6";"2017.11.09 20:30:00";"2017.11.10 22:55:00";"30.0";"752.88";"6195.89990";"6360.89990";"-9563.41";"0.00";"IST";"End Of Friday (Time)";"1d 2h 25m";"-183.12"
"250";"USTEC_ICM_UTC2";"Buy";"6315.7";"6233.2";"2017.11.13 18:45:00";"2017.11.15 16:39:00";"30.0";"-2841.24";"6233.20020";"6398.20020";"-12404.65";"0.00";"IST";"SL";"1d 21h 54m";"-366.24"
"251";"USTEC_ICM_UTC2";"Buy";"6249.0";"6331.5";"2017.11.15 17:15:00";"2017.11.16 18:03:00";"30.0";"2291.88";"6166.50000";"6331.50000";"-10112.77";"0.00";"IST";"PT";"1d 0h 48m";"-183.12"
"252";"USTEC_ICM_UTC2";"Buy";"6331.3";"6315.6";"2017.11.16 18:45:00";"2017.11.17 22:55:00";"30.0";"-654.12";"6248.79980";"6413.79980";"-10766.89";"0.00";"IST";"End Of Friday (Time)";"1d 4h 10m";"-183.12"
"253";"USTEC_ICM_UTC2";"Buy";"6311.1";"6393.6";"2017.11.20 18:30:00";"2017.11.24 15:03:00";"30.0";"1742.52";"6228.60010";"6393.60010";"-9024.37";"0.00";"IST";"PT";"3d 20h 33m";"-732.48"
"254";"USTEC_ICM_UTC2";"Buy";"6406.8";"6324.3";"2017.11.27 19:30:00";"2017.11.29 17:23:00";"30.0";"-2841.24";"6324.29980";"6489.29980";"-11865.61";"0.00";"IST";"SL";"1d 21h 53m";"-366.24"
"255";"USTEC_ICM_UTC2";"Buy";"6313.4";"6337.8";"2017.11.29 18:30:00";"2017.12.01 22:55:00";"30.0";"365.76";"6230.89990";"6395.89990";"-11499.85";"0.00";"IST";"End Of Friday (Time)";"2d 4h 25m";"-366.24"
"256";"USTEC_ICM_UTC2";"Buy";"6296.9";"6339.2";"2017.12.04 19:00:00";"2017.12.08 22:55:00";"30.0";"536.52";"6214.39990";"6379.39990";"-10963.33";"0.00";"IST";"End Of Friday (Time)";"4d 3h 55m";"-732.48"
"257";"USTEC_ICM_UTC2";"Buy";"6385.8";"6468.3";"2017.12.11 21:30:00";"2017.12.15 22:13:00";"30.0";"1742.52";"6303.29980";"6468.29980";"-9220.81";"0.00";"IST";"PT";"4d 0h 43m";"-732.48"
"258";"USTEC_ICM_UTC2";"Buy";"6462.5";"6458.9";"2017.12.15 22:45:00";"2017.12.15 22:55:00";"30.0";"-108.00";"6380.00000";"6545.00000";"-9328.81";"0.00";"IST";"End Of Friday (Time)";"10m 0s";"-0.00"
"259";"USTEC_ICM_UTC2";"Buy";"6517.1";"6467.4";"2017.12.18 21:15:00";"2017.12.22 22:55:00";"30.0";"-2223.48";"6434.60010";"6599.60010";"-11552.29";"0.00";"IST";"End Of Friday (Time)";"4d 1h 40m";"-732.48"
"260";"USTEC_ICM_UTC2";"Buy";"6439.4";"6399.3";"2017.12.26 22:15:00";"2017.12.29 22:55:00";"30.0";"-1752.36";"6356.89990";"6521.89990";"-13304.65";"0.00";"IST";"End Of Friday (Time)";"3d 0h 40m";"-549.36"
"261";"USTEC_ICM_UTC2";"Buy";"6492.9";"6575.4";"2018.01.02 18:00:00";"2018.01.03 19:46:00";"30.0";"2291.88";"6410.39990";"6575.39990";"-11012.77";"0.00";"IST";"PT";"1d 1h 46m";"-183.12"
"262";"USTEC_ICM_UTC2";"Buy";"6578.1";"6653.6";"2018.01.03 20:00:00";"2018.01.05 22:55:00";"30.0";"1898.76";"6495.60010";"6660.60010";"-9114.01";"0.00";"IST";"End Of Friday (Time)";"2d 2h 55m";"-366.24"
"263";"USTEC_ICM_UTC2";"Buy";"6678.6";"6761.1";"2018.01.08 18:45:00";"2018.01.12 21:30:00";"30.0";"1742.52";"6596.10010";"6761.10010";"-7371.49";"0.00";"IST";"PT";"4d 2h 45m";"-732.48"
"264";"USTEC_ICM_UTC2";"Buy";"6793.4";"6831.0";"2018.01.16 19:15:00";"2018.01.19 22:55:00";"30.0";"578.64";"6710.89990";"6875.89990";"-6792.85";"0.00";"IST";"End Of Friday (Time)";"3d 3h 40m";"-549.36"
"265";"USTEC_ICM_UTC2";"Buy";"6958.0";"7014.2";"2018.01.23 18:45:00";"2018.01.26 22:55:00";"30.0";"1136.64";"6875.50000";"7040.50000";"-5656.21";"0.00";"IST";"End Of Friday (Time)";"3d 4h 10m";"-549.36"
"266";"USTEC_ICM_UTC2";"Buy";"6993.1";"6910.6";"2018.01.29 19:00:00";"2018.01.30 16:30:00";"30.0";"-2658.12";"6910.60010";"7075.60010";"-8314.33";"0.00";"IST";"SL";"21h 30m";"-183.12"
"267";"USTEC_ICM_UTC2";"Buy";"6935.2";"6852.7";"2018.01.30 21:15:00";"2018.02.02 12:12:00";"30.0";"-3024.36";"6852.70020";"7017.70020";"-11338.69";"0.00";"IST";"SL";"2d 14h 57m";"-549.36"
"268";"USTEC_ICM_UTC2";"Buy";"6855.5";"6773.0";"2018.02.02 18:15:00";"2018.02.02 22:05:00";"30.0";"-2475.00";"6773.00000";"6938.00000";"-13813.69";"0.00";"IST";"SL";"3h 50m";"-0.00"
"269";"USTEC_ICM_UTC2";"Buy";"6782.6";"6700.1";"2018.02.05 17:15:00";"2018.02.05 20:12:00";"30.0";"-2475.00";"6700.10010";"6865.10010";"-16288.69";"0.00";"IST";"SL";"2h 57m";"-0.00"
"270";"USTEC_ICM_UTC2";"Buy";"6525.1";"6442.6";"2018.02.06 17:15:00";"2018.02.06 17:35:00";"30.0";"-2475.00";"6442.60010";"6607.60010";"-18763.69";"0.00";"IST";"SL";"20m 0s";"-0.00"
"271";"USTEC_ICM_UTC2";"Buy";"6698.9";"6616.4";"2018.02.07 18:30:00";"2018.02.07 20:06:00";"30.0";"-2475.00";"6616.39990";"6781.39990";"-21238.69";"0.00";"IST";"SL";"1h 36m";"-0.00"
"272";"USTEC_ICM_UTC2";"Buy";"6324.6";"6242.1";"2018.02.09 18:45:00";"2018.02.09 19:09:00";"30.0";"-2475.00";"6242.10010";"6407.10010";"-23713.69";"0.00";"IST";"SL";"24m 0s";"-0.00"
"273";"USTEC_ICM_UTC2";"Buy";"6506.7";"6589.2";"2018.02.12 18:45:00";"2018.02.14 09:35:00";"30.0";"2108.76";"6424.20020";"6589.20020";"-21604.93";"0.00";"IST";"PT";"1d 14h 50m";"-366.24"
"274";"USTEC_ICM_UTC2";"Buy";"6817.6";"6785.2";"2018.02.16 18:45:00";"2018.02.16 22:55:00";"30.0";"-972.00";"6735.10010";"6900.10010";"-22576.93";"0.00";"IST";"End Of Friday (Time)";"4h 10m";"-0.00"
"275";"USTEC_ICM_UTC2";"Buy";"6761.3";"6843.8";"2018.02.20 22:15:00";"2018.02.21 18:26:00";"30.0";"2291.88";"6678.79980";"6843.79980";"-20285.05";"0.00";"IST";"PT";"20h 11m";"-183.12"
"276";"USTEC_ICM_UTC2";"Buy";"6809.6";"6892.1";"2018.02.22 19:30:00";"2018.02.23 22:25:00";"30.0";"2291.88";"6727.10010";"6892.10010";"-17993.17";"0.00";"IST";"PT";"1d 2h 55m";"-183.12"
"277";"USTEC_ICM_UTC2";"Buy";"6936.5";"6854.0";"2018.02.27 21:30:00";"2018.03.01 11:43:00";"30.0";"-2841.24";"6854.00000";"7019.00000";"-20834.41";"0.00";"IST";"SL";"1d 14h 13m";"-366.24"
"278";"USTEC_ICM_UTC2";"Buy";"6833.9";"6751.4";"2018.03.01 17:15:00";"2018.03.01 20:44:00";"30.0";"-2475.00";"6751.39990";"6916.39990";"-23309.41";"0.00";"IST";"SL";"3h 29m";"-0.00"
"279";"USTEC_ICM_UTC2";"Buy";"6756.3";"6811.9";"2018.03.02 19:00:00";"2018.03.02 22:55:00";"30.0";"1668.00";"6673.79980";"6838.79980";"-21641.41";"0.00";"IST";"End Of Friday (Time)";"3h 55m";"-0.00"
"280";"USTEC_ICM_UTC2";"Buy";"6887.5";"6970.0";"2018.03.05 21:45:00";"2018.03.08 18:18:00";"30.0";"1925.64";"6805.00000";"6970.00000";"-19715.77";"0.00";"IST";"PT";"2d 20h 33m";"-549.36"
"281";"USTEC_ICM_UTC2";"Buy";"6946.0";"7028.5";"2018.03.08 21:30:00";"2018.03.09 15:36:00";"30.0";"2291.88";"6863.50000";"7028.50000";"-17423.89";"0.00";"IST";"PT";"18h 6m";"-183.12"
"282";"USTEC_ICM_UTC2";"Buy";"7139.5";"7057.0";"2018.03.12 21:15:00";"2018.03.13 18:07:00";"30.0";"-2658.12";"7057.00000";"7222.00000";"-20082.01";"0.00";"IST";"SL";"20h 52m";"-183.12"
"283";"USTEC_ICM_UTC2";"Buy";"7082.0";"6964.4";"2018.03.13 18:30:00";"2018.03.19 08:05:00";"30.0";"-4627.95";"6999.50000";"7164.50000";"-24709.96";"0.00";"IST";"SL";"5d 13h 35m";"-1098.72"
"284";"USTEC_ICM_UTC2";"Buy";"6836.4";"6918.9";"2018.03.19 19:45:00";"2018.03.21 20:00:00";"30.0";"2108.76";"6753.89990";"6918.89990";"-22601.20";"0.00";"IST";"PT";"2d 0h 15m";"-366.24"
"285";"USTEC_ICM_UTC2";"Buy";"6890.2";"6807.7";"2018.03.21 20:30:00";"2018.03.22 09:51:00";"30.0";"-2658.12";"6807.70020";"6972.70020";"-25259.32";"0.00";"IST";"SL";"13h 21m";"-183.12"
"286";"USTEC_ICM_UTC2";"Buy";"6723.4";"6611.1";"2018.03.22 21:30:00";"2018.03.23 08:05:00";"30.0";"-3553.35";"6640.89990";"6805.89990";"-28812.67";"0.00";"IST";"SL";"10h 35m";"-183.12"
"287";"USTEC_ICM_UTC2";"Buy";"6688.8";"6606.3";"2018.03.23 16:45:00";"2018.03.23 19:01:00";"30.0";"-2475.00";"6606.29980";"6771.29980";"-31287.67";"0.00";"IST";"SL";"2h 16m";"-0.00"
"288";"USTEC_ICM_UTC2";"Buy";"6701.0";"6789.1";"2018.03.26 21:45:00";"2018.03.27 09:05:00";"30.0";"2458.68";"6618.50000";"6783.50000";"-28828.99";"0.00";"IST";"PT";"11h 20m";"-183.12"
"289";"USTEC_ICM_UTC2";"Buy";"6608.7";"6526.2";"2018.03.27 22:00:00";"2018.03.27 22:30:00";"30.0";"-2475.00";"6526.20020";"6691.20020";"-31303.99";"0.00";"IST";"SL";"30m 0s";"-0.00"
"290";"USTEC_ICM_UTC2";"Buy";"6454.6";"6537.1";"2018.03.28 18:15:00";"2018.03.28 19:14:00";"30.0";"2475.00";"6372.10010";"6537.10010";"-28828.99";"0.00";"IST";"PT";"59m 0s";"-0.00"
"291";"USTEC_ICM_UTC2";"Buy";"6548.1";"6630.6";"2018.03.29 19:30:00";"2018.03.29 21:49:00";"30.0";"2475.00";"6465.60010";"6630.60010";"-26353.99";"0.00";"IST";"PT";"2h 19m";"-0.00"
"292";"USTEC_ICM_UTC2";"Buy";"6348.5";"6431.0";"2018.04.02 21:15:00";"2018.04.03 10:29:00";"30.0";"2291.88";"6266.00000";"6431.00000";"-24062.11";"0.00";"IST";"PT";"13h 14m";"-183.12"
"293";"USTEC_ICM_UTC2";"Buy";"6386.3";"6468.8";"2018.04.03 21:30:00";"2018.04.03 22:06:00";"30.0";"2475.00";"6303.79980";"6468.79980";"-21587.11";"0.00";"IST";"PT";"36m 0s";"-0.00"
"294";"USTEC_ICM_UTC2";"Buy";"6455.0";"6537.5";"2018.04.04 19:00:00";"2018.04.04 22:24:00";"30.0";"2475.00";"6372.50000";"6537.50000";"-19112.11";"0.00";"IST";"PT";"3h 24m";"-0.00"
"295";"USTEC_ICM_UTC2";"Buy";"6595.9";"6510.8";"2018.04.05 21:45:00";"2018.04.06 09:05:00";"30.0";"-2737.02";"6513.39990";"6678.39990";"-21849.13";"0.00";"IST";"SL";"11h 20m";"-183.12"
"296";"USTEC_ICM_UTC2";"Buy";"6464.6";"6450.5";"2018.04.06 21:15:00";"2018.04.06 22:55:00";"30.0";"-423.00";"6382.10010";"6547.10010";"-22272.13";"0.00";"IST";"End Of Friday (Time)";"1h 40m";"-0.00"
"297";"USTEC_ICM_UTC2";"Buy";"6604.8";"6687.3";"2018.04.10 21:15:00";"2018.04.13 15:27:00";"30.0";"1925.64";"6522.29980";"6687.29980";"-20346.49";"0.00";"IST";"PT";"2d 18h 12m";"-549.36"
"298";"USTEC_ICM_UTC2";"Buy";"6646.3";"6632.4";"2018.04.13 18:30:00";"2018.04.13 22:55:00";"30.0";"-417.00";"6563.79980";"6728.79980";"-20763.49";"0.00";"IST";"End Of Friday (Time)";"4h 25m";"-0.00"
"299";"USTEC_ICM_UTC2";"Buy";"6674.3";"6756.8";"2018.04.16 19:15:00";"2018.04.17 16:43:00";"30.0";"2291.88";"6591.79980";"6756.79980";"-18471.61";"0.00";"IST";"PT";"21h 28m";"-183.12"
"300";"USTEC_ICM_UTC2";"Buy";"6805.4";"6722.9";"2018.04.17 19:45:00";"2018.04.20 16:52:00";"30.0";"-3024.36";"6722.89990";"6887.89990";"-21495.97";"0.00";"IST";"SL";"2d 21h 7m";"-549.36"
"301";"USTEC_ICM_UTC2";"Buy";"6672.6";"6662.9";"2018.04.20 19:15:00";"2018.04.20 22:55:00";"30.0";"-291.00";"6590.10010";"6755.10010";"-21786.97";"0.00";"IST";"End Of Friday (Time)";"3h 40m";"-0.00"
"302";"USTEC_ICM_UTC2";"Buy";"6720.1";"6637.6";"2018.04.23 18:30:00";"2018.04.23 21:08:00";"30.0";"-2475.00";"6637.60010";"6802.60010";"-24261.97";"0.00";"IST";"SL";"2h 38m";"-0.00"
"303";"USTEC_ICM_UTC2";"Buy";"6590.8";"6508.3";"2018.04.24 18:30:00";"2018.04.24 20:21:00";"30.0";"-2475.00";"6508.29980";"6673.29980";"-26736.97";"0.00";"IST";"SL";"1h 51m";"-0.00"
"304";"USTEC_ICM_UTC2";"Buy";"6504.7";"6587.2";"2018.04.25 20:00:00";"2018.04.26 01:00:00";"30.0";"2291.88";"6422.20020";"6587.20020";"-24445.09";"0.00";"IST";"PT";"5h 0m";"-183.12"
"305";"USTEC_ICM_UTC2";"Buy";"6622.7";"6705.2";"2018.04.26 18:45:00";"2018.04.26 23:03:00";"30.0";"2475.00";"6540.20020";"6705.20020";"-21970.09";"0.00";"IST";"PT";"4h 18m";"-0.00"
"306";"USTEC_ICM_UTC2";"Buy";"6675.2";"6659.7";"2018.04.27 18:30:00";"2018.04.27 22:55:00";"30.0";"-465.00";"6592.70020";"6757.70020";"-22435.09";"0.00";"IST";"End Of Friday (Time)";"4h 25m";"-0.00"
"307";"USTEC_ICM_UTC2";"Buy";"6605.6";"6688.1";"2018.04.30 20:15:00";"2018.05.01 23:02:00";"30.0";"2291.88";"6523.10010";"6688.10010";"-20143.21";"0.00";"IST";"PT";"1d 2h 47m";"-183.12"
"308";"USTEC_ICM_UTC2";"Buy";"6658.0";"6575.5";"2018.05.02 18:45:00";"2018.05.03 17:34:00";"30.0";"-2658.12";"6575.50000";"6740.50000";"-22801.33";"0.00";"IST";"SL";"22h 49m";"-183.12"
"309";"USTEC_ICM_UTC2";"Buy";"6559.1";"6641.6";"2018.05.03 18:45:00";"2018.05.03 19:58:00";"30.0";"2475.00";"6476.60010";"6641.60010";"-20326.33";"0.00";"IST";"PT";"1h 13m";"-0.00"
"310";"USTEC_ICM_UTC2";"Buy";"6746.1";"6761.4";"2018.05.04 18:45:00";"2018.05.04 22:55:00";"30.0";"459.00";"6663.60010";"6828.60010";"-19867.33";"0.00";"IST";"End Of Friday (Time)";"4h 10m";"-0.00"
"311";"USTEC_ICM_UTC2";"Buy";"6832.4";"6914.9";"2018.05.07 18:45:00";"2018.05.10 15:51:00";"30.0";"1925.64";"6749.89990";"6914.89990";"-17941.69";"0.00";"IST";"PT";"2d 21h 6m";"-549.36"
"312";"USTEC_ICM_UTC2";"Buy";"6953.2";"6944.8";"2018.05.10 19:45:00";"2018.05.11 22:55:00";"30.0";"-435.12";"6870.70020";"7035.70020";"-18376.81";"0.00";"IST";"End Of Friday (Time)";"1d 3h 10m";"-183.12"
"313";"USTEC_ICM_UTC2";"Buy";"6987.4";"6904.9";"2018.05.14 19:00:00";"2018.05.15 15:54:00";"30.0";"-2658.12";"6904.89990";"7069.89990";"-21034.93";"0.00";"IST";"SL";"20h 54m";"-183.12"
"314";"USTEC_ICM_UTC2";"Buy";"6877.9";"6869.6";"2018.05.15 18:45:00";"2018.05.18 22:55:00";"30.0";"-798.36";"6795.39990";"6960.39990";"-21833.29";"0.00";"IST";"End Of Friday (Time)";"3d 4h 10m";"-549.36"
"315";"USTEC_ICM_UTC2";"Buy";"6911.4";"6828.9";"2018.05.21 20:30:00";"2018.05.23 11:24:00";"30.0";"-2841.24";"6828.89990";"6993.89990";"-24674.53";"0.00";"IST";"SL";"1d 14h 54m";"-366.24"
"316";"USTEC_ICM_UTC2";"Buy";"6887.9";"6970.4";"2018.05.23 18:45:00";"2018.05.25 04:33:00";"30.0";"2108.76";"6805.39990";"6970.39990";"-22565.77";"0.00";"IST";"PT";"1d 9h 48m";"-366.24"
"317";"USTEC_ICM_UTC2";"Buy";"6979.5";"6960.3";"2018.05.25 18:45:00";"2018.05.25 22:55:00";"30.0";"-576.00";"6897.00000";"7062.00000";"-23141.77";"0.00";"IST";"End Of Friday (Time)";"4h 10m";"-0.00"
"318";"USTEC_ICM_UTC2";"Buy";"6991.7";"6909.2";"2018.05.28 19:45:00";"2018.05.29 11:29:00";"30.0";"-2658.12";"6909.20020";"7074.20020";"-25799.89";"0.00";"IST";"SL";"15h 44m";"-183.12"
"319";"USTEC_ICM_UTC2";"Buy";"6953.2";"7035.7";"2018.05.29 17:15:00";"2018.06.01 17:05:00";"30.0";"1925.64";"6870.70020";"7035.70020";"-23874.25";"0.00";"IST";"PT";"2d 23h 50m";"-549.36"
"320";"USTEC_ICM_UTC2";"Buy";"7077.2";"7078.0";"2018.06.01 19:15:00";"2018.06.01 22:55:00";"30.0";"24.00";"6994.70020";"7159.70020";"-23850.25";"0.00";"IST";"End Of Friday (Time)";"3h 40m";"-0.00"
"321";"USTEC_ICM_UTC2";"Buy";"7123.2";"7205.7";"2018.06.04 18:30:00";"2018.06.06 22:55:00";"30.0";"2108.76";"7040.70020";"7205.70020";"-21741.49";"0.00";"IST";"PT";"2d 4h 25m";"-366.24"
"322";"USTEC_ICM_UTC2";"Buy";"7161.0";"7078.5";"2018.06.07 18:45:00";"2018.06.08 11:19:00";"30.0";"-2658.12";"7078.50000";"7243.50000";"-24399.61";"0.00";"IST";"SL";"16h 34m";"-183.12"
"323";"USTEC_ICM_UTC2";"Buy";"7126.1";"7155.5";"2018.06.08 17:15:00";"2018.06.08 22:55:00";"30.0";"882.00";"7043.60010";"7208.60010";"-23517.61";"0.00";"IST";"End Of Friday (Time)";"5h 40m";"-0.00"
"324";"USTEC_ICM_UTC2";"Buy";"7167.3";"7249.8";"2018.06.11 18:30:00";"2018.06.13 18:15:00";"30.0";"2108.76";"7084.79980";"7249.79980";"-21408.85";"0.00";"IST";"PT";"1d 23h 45m";"-366.24"
"325";"USTEC_ICM_UTC2";"Buy";"7258.9";"7176.4";"2018.06.13 18:45:00";"2018.06.14 09:51:00";"30.0";"-2658.12";"7176.39990";"7341.39990";"-24066.97";"0.00";"IST";"SL";"15h 6m";"-183.12"
"326";"USTEC_ICM_UTC2";"Buy";"7276.0";"7252.0";"2018.06.14 19:00:00";"2018.06.15 22:55:00";"30.0";"-903.12";"7193.50000";"7358.50000";"-24970.09";"0.00";"IST";"End Of Friday (Time)";"1d 3h 55m";"-183.12"
"327";"USTEC_ICM_UTC2";"Buy";"7252.0";"7169.5";"2018.06.18 20:45:00";"2018.06.19 05:14:00";"30.0";"-2658.12";"7169.50000";"7334.50000";"-27628.21";"0.00";"IST";"SL";"8h 29m";"-183.12"
"328";"USTEC_ICM_UTC2";"Buy";"7188.9";"7271.4";"2018.06.19 18:30:00";"2018.06.20 16:35:00";"30.0";"2291.88";"7106.39990";"7271.39990";"-25336.33";"0.00";"IST";"PT";"22h 5m";"-183.12"
"329";"USTEC_ICM_UTC2";"Buy";"7283.3";"7200.8";"2018.06.20 18:30:00";"2018.06.22 01:02:00";"30.0";"-2841.24";"7200.79980";"7365.79980";"-28177.57";"0.00";"IST";"SL";"1d 6h 32m";"-366.24"
"330";"USTEC_ICM_UTC2";"Buy";"7204.9";"7207.5";"2018.06.22 18:30:00";"2018.06.22 22:55:00";"30.0";"78.00";"7122.39990";"7287.39990";"-28099.57";"0.00";"IST";"End Of Friday (Time)";"4h 25m";"-0.00"
"331";"USTEC_ICM_UTC2";"Buy";"7014.1";"7096.6";"2018.06.25 19:30:00";"2018.06.26 20:06:00";"30.0";"2291.88";"6931.60010";"7096.60010";"-25807.69";"0.00";"IST";"PT";"1d 0h 36m";"-183.12"
"332";"USTEC_ICM_UTC2";"Buy";"7101.3";"7018.8";"2018.06.26 20:15:00";"2018.06.27 10:47:00";"30.0";"-2658.12";"7018.79980";"7183.79980";"-28465.81";"0.00";"IST";"SL";"14h 32m";"-183.12"
"333";"USTEC_ICM_UTC2";"Buy";"7097.1";"7014.6";"2018.06.27 16:45:00";"2018.06.27 20:18:00";"30.0";"-2475.00";"7014.60010";"7179.60010";"-30940.81";"0.00";"IST";"SL";"3h 33m";"-0.00"
"334";"USTEC_ICM_UTC2";"Buy";"7006.4";"7088.9";"2018.06.28 20:30:00";"2018.06.29 11:17:00";"30.0";"2291.88";"6923.89990";"7088.89990";"-28648.93";"0.00";"IST";"PT";"14h 47m";"-183.12"
"335";"USTEC_ICM_UTC2";"Buy";"7067.9";"7053.5";"2018.06.29 20:00:00";"2018.06.29 22:55:00";"30.0";"-432.00";"6985.39990";"7150.39990";"-29080.93";"0.00";"IST";"End Of Friday (Time)";"2h 55m";"-0.00"
"336";"USTEC_ICM_UTC2";"Buy";"7021.8";"7104.3";"2018.07.02 18:45:00";"2018.07.03 04:08:00";"30.0";"2291.88";"6939.29980";"7104.29980";"-26789.05";"0.00";"IST";"PT";"9h 23m";"-183.12"
"337";"USTEC_ICM_UTC2";"Buy";"7041.2";"7123.7";"2018.07.03 19:45:00";"2018.07.06 07:12:00";"30.0";"1925.64";"6958.70020";"7123.70020";"-24863.41";"0.00";"IST";"PT";"2d 11h 27m";"-549.36"
"338";"USTEC_ICM_UTC2";"Buy";"7143.2";"7202.9";"2018.07.06 17:00:00";"2018.07.06 22:55:00";"30.0";"1791.00";"7060.70020";"7225.70020";"-23072.41";"0.00";"IST";"End Of Friday (Time)";"5h 55m";"-0.00"
"339";"USTEC_ICM_UTC2";"Buy";"7242.5";"7325.0";"2018.07.09 19:30:00";"2018.07.12 17:30:00";"30.0";"1925.64";"7160.00000";"7325.00000";"-21146.78";"0.00";"IST";"PT";"2d 22h 0m";"-549.36"
"340";"USTEC_ICM_UTC2";"Buy";"7381.9";"7378.1";"2018.07.13 19:00:00";"2018.07.13 22:55:00";"30.0";"-114.00";"7299.39990";"7464.39990";"-21260.78";"0.00";"IST";"End Of Friday (Time)";"3h 55m";"-0.00"
"341";"USTEC_ICM_UTC2";"Buy";"7370.3";"7287.8";"2018.07.16 19:00:00";"2018.07.17 08:51:00";"30.0";"-2658.12";"7287.79980";"7452.79980";"-23918.89";"0.00";"IST";"SL";"13h 51m";"-183.12"
"342";"USTEC_ICM_UTC2";"Buy";"7405.6";"7345.9";"2018.07.17 19:30:00";"2018.07.20 22:55:00";"30.0";"-2340.36";"7323.10010";"7488.10010";"-26259.25";"0.00";"IST";"End Of Friday (Time)";"3d 3h 25m";"-549.36"
"343";"USTEC_ICM_UTC2";"Buy";"7356.5";"7439.0";"2018.07.23 19:15:00";"2018.07.24 15:06:00";"30.0";"2291.88";"7274.00000";"7439.00000";"-23967.38";"0.00";"IST";"PT";"19h 51m";"-183.12"
"344";"USTEC_ICM_UTC2";"Buy";"7427.3";"7509.8";"2018.07.24 19:15:00";"2018.07.25 22:50:00";"30.0";"2291.88";"7344.79980";"7509.79980";"-21675.49";"0.00";"IST";"PT";"1d 3h 35m";"-183.12"
"345";"USTEC_ICM_UTC2";"Buy";"7424.4";"7341.9";"2018.07.26 18:30:00";"2018.07.27 19:02:00";"30.0";"-2658.12";"7341.89990";"7506.89990";"-24333.62";"0.00";"IST";"SL";"1d 0h 32m";"-183.12"
"346";"USTEC_ICM_UTC2";"Buy";"7341.9";"7259.4";"2018.07.27 19:15:00";"2018.07.27 20:01:00";"30.0";"-2475.00";"7259.39990";"7424.39990";"-26808.62";"0.00";"IST";"SL";"46m 0s";"-0.00"
"347";"USTEC_ICM_UTC2";"Buy";"7192.5";"7282.1";"2018.07.30 19:15:00";"2018.08.01 01:00:00";"30.0";"2320.86";"7110.00000";"7275.00000";"-24487.75";"0.00";"IST";"PT";"1d 5h 45m";"-366.24"
"348";"USTEC_ICM_UTC2";"Buy";"7258.2";"7340.7";"2018.08.01 19:45:00";"2018.08.02 19:14:00";"30.0";"2291.88";"7175.70020";"7340.70020";"-22195.88";"0.00";"IST";"PT";"23h 29m";"-183.12"
"349";"USTEC_ICM_UTC2";"Buy";"7351.2";"7391.5";"2018.08.02 19:45:00";"2018.08.03 22:55:00";"30.0";"1025.88";"7268.70020";"7433.70020";"-21169.99";"0.00";"IST";"End Of Friday (Time)";"1d 3h 10m";"-183.12"
"350";"USTEC_ICM_UTC2";"Buy";"7414.5";"7497.0";"2018.08.06 18:45:00";"2018.08.09 20:50:00";"30.0";"1925.64";"7332.00000";"7497.00000";"-19244.36";"0.00";"IST";"PT";"3d 2h 5m";"-549.36"
"351";"USTEC_ICM_UTC2";"Buy";"7497.3";"7414.8";"2018.08.09 21:00:00";"2018.08.10 13:04:00";"30.0";"-2658.12";"7414.79980";"7579.79980";"-21902.47";"0.00";"IST";"SL";"16h 4m";"-183.12"
"352";"USTEC_ICM_UTC2";"Buy";"7427.2";"7408.6";"2018.08.10 18:45:00";"2018.08.10 22:55:00";"30.0";"-558.00";"7344.70020";"7509.70020";"-22460.47";"0.00";"IST";"End Of Friday (Time)";"4h 10m";"-0.00"
"353";"USTEC_ICM_UTC2";"Buy";"7408.8";"7326.3";"2018.08.13 19:30:00";"2018.08.15 17:17:00";"30.0";"-2841.24";"7326.29980";"7491.29980";"-25301.71";"0.00";"IST";"SL";"1d 21h 47m";"-366.24"
"354";"USTEC_ICM_UTC2";"Buy";"7346.5";"7381.5";"2018.08.15 19:45:00";"2018.08.17 22:55:00";"30.0";"683.76";"7264.00000";"7429.00000";"-24617.96";"0.00";"IST";"End Of Friday (Time)";"2d 3h 10m";"-366.24"
"355";"USTEC_ICM_UTC2";"Buy";"7355.9";"7438.4";"2018.08.20 19:00:00";"2018.08.21 19:51:00";"30.0";"2291.88";"7273.39990";"7438.39990";"-22326.07";"0.00";"IST";"PT";"1d 0h 51m";"-183.12"
"356";"USTEC_ICM_UTC2";"Buy";"7432.0";"7349.5";"2018.08.21 20:30:00";"2018.08.22 02:04:00";"30.0";"-2658.12";"7349.50000";"7514.50000";"-24984.20";"0.00";"IST";"SL";"5h 34m";"-183.12"
"357";"USTEC_ICM_UTC2";"Buy";"7419.7";"7487.2";"2018.08.22 19:15:00";"2018.08.24 22:55:00";"30.0";"1658.76";"7337.20020";"7502.20020";"-23325.44";"0.00";"IST";"End Of Friday (Time)";"2d 3h 40m";"-366.24"
"358";"USTEC_ICM_UTC2";"Buy";"7556.2";"7638.7";"2018.08.27 19:30:00";"2018.08.29 18:23:00";"30.0";"2108.76";"7473.70020";"7638.70020";"-21216.68";"0.00";"IST";"PT";"1d 22h 53m";"-366.24"
"359";"USTEC_ICM_UTC2";"Buy";"7645.0";"7656.4";"2018.08.29 19:00:00";"2018.08.31 22:55:00";"30.0";"-24.24";"7562.50000";"7727.50000";"-21240.92";"0.00";"IST";"End Of Friday (Time)";"2d 3h 55m";"-366.24"
"360";"USTEC_ICM_UTC2";"Buy";"7632.0";"7549.5";"2018.09.04 18:30:00";"2018.09.05 17:01:00";"30.0";"-2658.12";"7549.50000";"7714.50000";"-23899.04";"0.00";"IST";"SL";"22h 31m";"-183.12"
"361";"USTEC_ICM_UTC2";"Buy";"7504.4";"7421.9";"2018.09.05 18:30:00";"2018.09.06 17:53:00";"30.0";"-2658.12";"7421.89990";"7586.89990";"-26557.16";"0.00";"IST";"SL";"23h 23m";"-183.12"
"362";"USTEC_ICM_UTC2";"Buy";"7434.4";"7426.2";"2018.09.06 18:45:00";"2018.09.07 22:55:00";"30.0";"-429.12";"7351.89990";"7516.89990";"-26986.28";"0.00";"IST";"End Of Friday (Time)";"1d 4h 10m";"-183.12"
"363";"USTEC_ICM_UTC2";"Buy";"7443.6";"7526.1";"2018.09.10 18:15:00";"2018.09.12 10:49:00";"30.0";"2108.76";"7361.10010";"7526.10010";"-24877.52";"0.00";"IST";"PT";"1d 16h 34m";"-366.24"
"364";"USTEC_ICM_UTC2";"Buy";"7470.6";"7553.1";"2018.09.12 18:45:00";"2018.09.13 16:36:00";"30.0";"2291.88";"7388.10010";"7553.10010";"-22585.63";"0.00";"IST";"PT";"21h 51m";"-183.12"
"365";"USTEC_ICM_UTC2";"Buy";"7562.9";"7549.9";"2018.09.13 18:45:00";"2018.09.14 22:55:00";"30.0";"-573.12";"7480.39990";"7645.39990";"-23158.76";"0.00";"IST";"End Of Friday (Time)";"1d 4h 10m";"-183.12"
"366";"USTEC_ICM_UTC2";"Buy";"7477.3";"7394.8";"2018.09.17 18:45:00";"2018.09.18 01:59:00";"30.0";"-2658.12";"7394.79980";"7559.79980";"-25816.88";"0.00";"IST";"SL";"7h 14m";"-183.12"
"367";"USTEC_ICM_UTC2";"Buy";"7523.9";"7441.4";"2018.09.18 18:30:00";"2018.09.19 17:20:00";"30.0";"-2658.12";"7441.39990";"7606.39990";"-28475.00";"0.00";"IST";"SL";"22h 50m";"-183.12"
"368";"USTEC_ICM_UTC2";"Buy";"7460.6";"7543.1";"2018.09.19 19:45:00";"2018.09.20 15:46:00";"30.0";"2291.88";"7378.10010";"7543.10010";"-26183.12";"0.00";"IST";"PT";"20h 1m";"-183.12"
"369";"USTEC_ICM_UTC2";"Buy";"7565.6";"7533.3";"2018.09.20 18:30:00";"2018.09.21 22:55:00";"30.0";"-1152.12";"7483.10010";"7648.10010";"-27335.24";"0.00";"IST";"End Of Friday (Time)";"1d 4h 25m";"-183.12"
"370";"USTEC_ICM_UTC2";"Buy";"7527.3";"7609.8";"2018.09.24 18:45:00";"2018.09.26 18:29:00";"30.0";"2108.76";"7444.79980";"7609.79980";"-25226.48";"0.00";"IST";"PT";"1d 23h 44m";"-366.24"
"371";"USTEC_ICM_UTC2";"Buy";"7608.8";"7621.6";"2018.09.26 18:45:00";"2018.09.28 22:55:00";"30.0";"17.76";"7526.29980";"7691.29980";"-25208.71";"0.00";"IST";"End Of Friday (Time)";"2d 4h 10m";"-366.24"
"372";"USTEC_ICM_UTC2";"Buy";"7660.1";"7577.6";"2018.10.01 20:00:00";"2018.10.04 12:00:00";"30.0";"-3024.36";"7577.60010";"7742.60010";"-28233.08";"0.00";"IST";"SL";"2d 16h 0m";"-549.36"
"373";"USTEC_ICM_UTC2";"Buy";"7516.4";"7433.9";"2018.10.04 18:30:00";"2018.10.04 21:20:00";"30.0";"-2475.00";"7433.89990";"7598.89990";"-30708.08";"0.00";"IST";"SL";"2h 50m";"-0.00"
"374";"USTEC_ICM_UTC2";"Buy";"7447.7";"7365.2";"2018.10.05 18:00:00";"2018.10.05 18:53:00";"30.0";"-2475.00";"7365.20020";"7530.20020";"-33183.07";"0.00";"IST";"SL";"53m 0s";"-0.00"
"375";"USTEC_ICM_UTC2";"Buy";"7309.8";"7392.3";"2018.10.08 19:45:00";"2018.10.09 17:00:00";"30.0";"2291.88";"7227.29980";"7392.29980";"-30891.20";"0.00";"IST";"PT";"21h 15m";"-183.12"
"376";"USTEC_ICM_UTC2";"Buy";"7412.9";"7330.4";"2018.10.09 19:00:00";"2018.10.10 15:25:00";"30.0";"-2658.12";"7330.39990";"7495.39990";"-33549.32";"0.00";"IST";"SL";"20h 25m";"-183.12"
"377";"USTEC_ICM_UTC2";"Buy";"7211.6";"7129.1";"2018.10.10 19:15:00";"2018.10.10 22:10:00";"30.0";"-2475.00";"7129.10010";"7294.10010";"-36024.32";"0.00";"IST";"SL";"2h 55m";"-0.00"
"378";"USTEC_ICM_UTC2";"Buy";"6965.3";"7047.8";"2018.10.11 18:15:00";"2018.10.11 18:47:00";"30.0";"2475.00";"6882.79980";"7047.79980";"-33549.32";"0.00";"IST";"PT";"32m 0s";"-0.00"
"379";"USTEC_ICM_UTC2";"Buy";"7081.0";"7163.5";"2018.10.12 20:45:00";"2018.10.12 22:50:00";"30.0";"2475.00";"6998.50000";"7163.50000";"-31074.32";"0.00";"IST";"PT";"2h 5m";"-0.00"
"380";"USTEC_ICM_UTC2";"Buy";"7113.6";"7196.1";"2018.10.15 20:00:00";"2018.10.16 18:16:00";"30.0";"2291.88";"7031.10010";"7196.10010";"-28782.44";"0.00";"IST";"PT";"22h 16m";"-183.12"
"381";"USTEC_ICM_UTC2";"Buy";"7272.9";"7190.4";"2018.10.17 18:45:00";"2018.10.18 18:20:00";"30.0";"-2658.12";"7190.39990";"7355.39990";"-31440.56";"0.00";"IST";"SL";"23h 35m";"-183.12"
"382";"USTEC_ICM_UTC2";"Buy";"7161.9";"7079.4";"2018.10.18 19:45:00";"2018.10.19 21:06:00";"30.0";"-2658.12";"7079.39990";"7244.39990";"-34098.68";"0.00";"IST";"SL";"1d 1h 21m";"-183.12"
"383";"USTEC_ICM_UTC2";"Buy";"7107.2";"7120.4";"2018.10.19 22:00:00";"2018.10.19 22:55:00";"30.0";"396.00";"7024.70020";"7189.70020";"-33702.68";"0.00";"IST";"End Of Friday (Time)";"55m 0s";"-0.00"
"384";"USTEC_ICM_UTC2";"Buy";"7157.8";"7075.3";"2018.10.22 19:45:00";"2018.10.23 06:12:00";"30.0";"-2658.12";"7075.29980";"7240.29980";"-36360.80";"0.00";"IST";"SL";"10h 27m";"-183.12"
"385";"USTEC_ICM_UTC2";"Buy";"7071.5";"7154.0";"2018.10.23 19:45:00";"2018.10.24 06:23:00";"30.0";"2291.88";"6989.00000";"7154.00000";"-34068.92";"0.00";"IST";"PT";"10h 38m";"-183.12"
"386";"USTEC_ICM_UTC2";"Buy";"7015.6";"6933.1";"2018.10.24 19:30:00";"2018.10.24 20:58:00";"30.0";"-2475.00";"6933.10010";"7098.10010";"-36543.92";"0.00";"IST";"SL";"1h 28m";"-0.00"
"387";"USTEC_ICM_UTC2";"Buy";"6957.2";"7039.7";"2018.10.25 18:15:00";"2018.10.25 21:34:00";"30.0";"2475.00";"6874.70020";"7039.70020";"-34068.92";"0.00";"IST";"PT";"3h 19m";"-0.00"
"388";"USTEC_ICM_UTC2";"Buy";"6924.9";"6842.4";"2018.10.26 19:45:00";"2018.10.26 21:48:00";"30.0";"-2475.00";"6842.39990";"7007.39990";"-36543.92";"0.00";"IST";"SL";"2h 3m";"-0.00"
"389";"USTEC_ICM_UTC2";"Buy";"6816.8";"6734.3";"2018.10.29 18:15:00";"2018.10.29 20:51:00";"30.0";"-2475.00";"6734.29980";"6899.29980";"-39018.92";"0.00";"IST";"SL";"2h 36m";"-0.00"
"390";"USTEC_ICM_UTC2";"Buy";"6770.7";"6688.2";"2018.10.30 17:45:00";"2018.10.30 19:30:00";"30.0";"-2475.00";"6688.20020";"6853.20020";"-41493.92";"0.00";"IST";"SL";"1h 45m";"-0.00"
"391";"USTEC_ICM_UTC2";"Buy";"6954.7";"7037.2";"2018.10.31 18:00:00";"2018.11.01 17:30:00";"30.0";"2291.88";"6872.20020";"7037.20020";"-39202.04";"0.00";"IST";"PT";"23h 30m";"-183.12"
"392";"USTEC_ICM_UTC2";"Buy";"7033.0";"7115.5";"2018.11.01 17:45:00";"2018.11.02 08:20:00";"30.0";"2291.88";"6950.50000";"7115.50000";"-36910.16";"0.00";"IST";"PT";"14h 35m";"-183.12"
"393";"USTEC_ICM_UTC2";"Buy";"6959.8";"6877.3";"2018.11.02 17:30:00";"2018.11.05 17:10:00";"30.0";"-3024.36";"6877.29980";"7042.29980";"-39934.52";"0.00";"IST";"SL";"2d 23h 40m";"-549.36"
"394";"USTEC_ICM_UTC2";"Buy";"6893.0";"6975.5";"2018.11.05 19:30:00";"2018.11.06 16:34:00";"30.0";"2291.88";"6810.50000";"6975.50000";"-37642.64";"0.00";"IST";"PT";"21h 4m";"-183.12"
"395";"USTEC_ICM_UTC2";"Buy";"6976.4";"7058.9";"2018.11.06 19:00:00";"2018.11.07 04:07:00";"30.0";"2291.88";"6893.89990";"7058.89990";"-35350.76";"0.00";"IST";"PT";"9h 7m";"-183.12"
"396";"USTEC_ICM_UTC2";"Buy";"7154.1";"7071.6";"2018.11.07 19:30:00";"2018.11.09 16:38:00";"30.0";"-2841.24";"7071.60010";"7236.60010";"-38192.00";"0.00";"IST";"SL";"1d 21h 8m";"-366.24"
"397";"USTEC_ICM_UTC2";"Buy";"7018.1";"7049.6";"2018.11.09 19:15:00";"2018.11.09 22:55:00";"30.0";"945.00";"6935.60010";"7100.60010";"-37247.00";"0.00";"IST";"End Of Friday (Time)";"3h 40m";"-0.00"
"398";"USTEC_ICM_UTC2";"Buy";"6877.1";"6794.6";"2018.11.12 19:15:00";"2018.11.13 03:02:00";"30.0";"-2658.12";"6794.60010";"6959.60010";"-39905.12";"0.00";"IST";"SL";"7h 47m";"-183.12"
"399";"USTEC_ICM_UTC2";"Buy";"6866.3";"6783.8";"2018.11.13 20:00:00";"2018.11.14 10:31:00";"30.0";"-2658.12";"6783.79980";"6948.79980";"-42563.24";"0.00";"IST";"SL";"14h 31m";"-183.12"
"400";"USTEC_ICM_UTC2";"Buy";"6809.6";"6727.1";"2018.11.14 19:30:00";"2018.11.15 16:12:00";"30.0";"-2658.12";"6727.10010";"6892.10010";"-45221.36";"0.00";"IST";"SL";"20h 42m";"-183.12"
"401";"USTEC_ICM_UTC2";"Buy";"6791.6";"6874.1";"2018.11.15 18:30:00";"2018.11.15 20:55:00";"30.0";"2475.00";"6709.10010";"6874.10010";"-42746.36";"0.00";"IST";"PT";"2h 25m";"-0.00"
"402";"USTEC_ICM_UTC2";"Buy";"6838.8";"6874.8";"2018.11.16 19:15:00";"2018.11.16 22:55:00";"30.0";"1080.00";"6756.29980";"6921.29980";"-41666.36";"0.00";"IST";"End Of Friday (Time)";"3h 40m";"-0.00"
"403";"USTEC_ICM_UTC2";"Buy";"6680.2";"6597.7";"2018.11.19 19:30:00";"2018.11.20 10:09:00";"30.0";"-2658.12";"6597.70020";"6762.70020";"-44324.48";"0.00";"IST";"SL";"14h 39m";"-183.12"
"404";"USTEC_ICM_UTC2";"Buy";"6585.3";"6502.8";"2018.11.20 19:15:00";"2018.11.20 22:03:00";"30.0";"-2475.00";"6502.79980";"6667.79980";"-46799.48";"0.00";"IST";"SL";"2h 48m";"-0.00"
"405";"USTEC_ICM_UTC2";"Buy";"6621.9";"6539.4";"2018.11.21 18:45:00";"2018.11.22 10:55:00";"30.0";"-2658.12";"6539.39990";"6704.39990";"-49457.60";"0.00";"IST";"SL";"16h 10m";"-183.12"
"406";"USTEC_ICM_UTC2";"Buy";"6521.8";"6604.3";"2018.11.22 19:00:00";"2018.11.26 10:01:00";"30.0";"1742.52";"6439.29980";"6604.29980";"-47715.08";"0.00";"IST";"PT";"3d 15h 1m";"-732.48"
"407";"USTEC_ICM_UTC2";"Buy";"6605.7";"6688.2";"2018.11.26 19:45:00";"2018.11.26 23:03:00";"30.0";"2475.00";"6523.20020";"6688.20020";"-45240.08";"0.00";"IST";"PT";"3h 18m";"-0.00"
"408";"USTEC_ICM_UTC2";"Buy";"6701.3";"6783.8";"2018.11.27 18:30:00";"2018.11.28 19:03:00";"30.0";"2291.88";"6618.79980";"6783.79980";"-42948.20";"0.00";"IST";"PT";"1d 0h 33m";"-183.12"
"409";"USTEC_ICM_UTC2";"Buy";"6816.4";"6898.9";"2018.11.28 19:15:00";"2018.11.28 22:38:00";"30.0";"2475.00";"6733.89990";"6898.89990";"-40473.20";"0.00";"IST";"PT";"3h 23m";"-0.00"
"410";"USTEC_ICM_UTC2";"Buy";"6887.6";"6925.4";"2018.11.29 19:00:00";"2018.11.30 22:55:00";"30.0";"950.88";"6805.10010";"6970.10010";"-39522.32";"0.00";"IST";"End Of Friday (Time)";"1d 3h 55m";"-183.12"
"411";"USTEC_ICM_UTC2";"Buy";"7026.9";"6944.4";"2018.12.03 19:00:00";"2018.12.04 19:08:00";"30.0";"-2658.12";"6944.39990";"7109.39990";"-42180.44";"0.00";"IST";"SL";"1d 0h 8m";"-183.12"
"412";"USTEC_ICM_UTC2";"Buy";"6851.7";"6769.2";"2018.12.04 20:30:00";"2018.12.06 01:00:00";"30.0";"-2841.24";"6769.20020";"6934.20020";"-45021.68";"0.00";"IST";"SL";"1d 4h 30m";"-366.24"
"413";"USTEC_ICM_UTC2";"Buy";"6687.8";"6770.3";"2018.12.06 17:15:00";"2018.12.06 19:31:00";"30.0";"2475.00";"6605.29980";"6770.29980";"-42546.68";"0.00";"IST";"PT";"2h 16m";"-0.00"
"414";"USTEC_ICM_UTC2";"Buy";"6779.4";"6696.9";"2018.12.07 17:15:00";"2018.12.07 18:15:00";"30.0";"-2475.00";"6696.89990";"6861.89990";"-45021.68";"0.00";"IST";"SL";"1h 0m";"-0.00"
"415";"USTEC_ICM_UTC2";"Buy";"6589.0";"6671.5";"2018.12.10 19:15:00";"2018.12.10 21:09:00";"30.0";"2475.00";"6506.50000";"6671.50000";"-42546.68";"0.00";"IST";"PT";"1h 54m";"-0.00"
"416";"USTEC_ICM_UTC2";"Buy";"6697.8";"6780.3";"2018.12.11 20:15:00";"2018.12.12 11:26:00";"30.0";"2291.88";"6615.29980";"6780.29980";"-40254.80";"0.00";"IST";"PT";"15h 11m";"-183.12"
"417";"USTEC_ICM_UTC2";"Buy";"6849.0";"6766.5";"2018.12.12 18:30:00";"2018.12.12 22:59:00";"30.0";"-2475.00";"6766.50000";"6931.50000";"-42729.80";"0.00";"IST";"SL";"4h 29m";"-0.00"
"418";"USTEC_ICM_UTC2";"Buy";"6746.3";"6663.8";"2018.12.13 19:15:00";"2018.12.14 10:38:00";"30.0";"-2658.12";"6663.79980";"6828.79980";"-45387.92";"0.00";"IST";"SL";"15h 23m";"-183.12"
"419";"USTEC_ICM_UTC2";"Buy";"6680.3";"6597.8";"2018.12.14 18:30:00";"2018.12.14 21:51:00";"30.0";"-2475.00";"6597.79980";"6762.79980";"-47862.92";"0.00";"IST";"SL";"3h 21m";"-0.00"
"420";"USTEC_ICM_UTC2";"Buy";"6598.1";"6515.6";"2018.12.17 18:30:00";"2018.12.17 20:20:00";"30.0";"-2475.00";"6515.60010";"6680.60010";"-50337.92";"0.00";"IST";"SL";"1h 50m";"-0.00"
"421";"USTEC_ICM_UTC2";"Buy";"6537.2";"6454.7";"2018.12.18 19:30:00";"2018.12.18 21:59:00";"30.0";"-2475.00";"6454.70020";"6619.70020";"-52812.92";"0.00";"IST";"SL";"2h 29m";"-0.00"
"422";"USTEC_ICM_UTC2";"Buy";"6560.6";"6478.1";"2018.12.19 19:30:00";"2018.12.19 21:04:00";"30.0";"-2475.00";"6478.10010";"6643.10010";"-55287.92";"0.00";"IST";"SL";"1h 34m";"-0.00"
"423";"USTEC_ICM_UTC2";"Buy";"6241.1";"6158.6";"2018.12.20 19:45:00";"2018.12.21 18:59:00";"30.0";"-2658.12";"6158.60010";"6323.60010";"-57946.04";"0.00";"IST";"SL";"23h 14m";"-183.12"
"424";"USTEC_ICM_UTC2";"Buy";"6127.0";"6044.5";"2018.12.21 19:15:00";"2018.12.21 22:26:00";"30.0";"-2475.00";"6044.50000";"6209.50000";"-60421.04";"0.00";"IST";"SL";"3h 11m";"-0.00"
"425";"USTEC_ICM_UTC2";"Buy";"5896.5";"5814.0";"2018.12.24 20:00:00";"2018.12.26 01:09:00";"30.0";"-2841.24";"5814.00000";"5979.00000";"-63262.28";"0.00";"IST";"SL";"1d 5h 9m";"-366.24"
"426";"USTEC_ICM_UTC2";"Buy";"6218.7";"6136.2";"2018.12.26 22:45:00";"2018.12.27 11:57:00";"30.0";"-2658.12";"6136.20020";"6301.20020";"-65920.40";"0.00";"IST";"SL";"13h 12m";"-183.12"
"427";"USTEC_ICM_UTC2";"Buy";"6137.7";"6055.2";"2018.12.27 19:00:00";"2018.12.27 20:51:00";"30.0";"-2475.00";"6055.20020";"6220.20020";"-68395.40";"0.00";"IST";"SL";"1h 51m";"-0.00"
"428";"USTEC_ICM_UTC2";"Buy";"6288.0";"6370.5";"2018.12.28 18:30:00";"2018.12.28 21:44:00";"30.0";"2475.00";"6205.50000";"6370.50000";"-65920.40";"0.00";"IST";"PT";"3h 14m";"-0.00"
"429";"USTEC_ICM_UTC2";"Buy";"6312.8";"6230.3";"2018.12.31 19:15:00";"2019.01.02 10:00:00";"30.0";"-2841.24";"6230.29980";"6395.29980";"-68761.64";"0.00";"IST";"SL";"1d 14h 45m";"-366.24"
"430";"USTEC_ICM_UTC2";"Buy";"6377.2";"6221.8";"2019.01.02 20:15:00";"2019.01.03 01:00:00";"30.0";"-4846.02";"6294.70020";"6459.70020";"-73607.66";"0.00";"IST";"SL";"4h 45m";"-183.12"
"431";"USTEC_ICM_UTC2";"Buy";"6260.5";"6178.0";"2019.01.03 18:45:00";"2019.01.03 20:53:00";"30.0";"-2475.00";"6178.00000";"6343.00000";"-76082.66";"0.00";"IST";"SL";"2h 8m";"-0.00"
"432";"USTEC_ICM_UTC2";"Buy";"6408.5";"6407.0";"2019.01.04 19:30:00";"2019.01.04 22:55:00";"30.0";"-45.00";"6326.00000";"6491.00000";"-76127.66";"0.00";"IST";"End Of Friday (Time)";"3h 25m";"-0.00"
"433";"USTEC_ICM_UTC2";"Buy";"6491.2";"6573.7";"2019.01.08 18:45:00";"2019.01.09 03:19:00";"30.0";"2291.88";"6408.70020";"6573.70020";"-73835.78";"0.00";"IST";"PT";"8h 34m";"-183.12"
"434";"USTEC_ICM_UTC2";"Buy";"6588.8";"6601.4";"2019.01.09 18:45:00";"2019.01.11 22:55:00";"30.0";"11.76";"6506.29980";"6671.29980";"-73824.02";"0.00";"IST";"End Of Friday (Time)";"2d 4h 10m";"-366.24"
"435";"USTEC_ICM_UTC2";"Buy";"6559.6";"6642.1";"2019.01.14 19:15:00";"2019.01.15 17:00:00";"30.0";"2291.88";"6477.10010";"6642.10010";"-71532.14";"0.00";"IST";"PT";"21h 45m";"-183.12"
"436";"USTEC_ICM_UTC2";"Buy";"6670.7";"6753.2";"2019.01.15 19:15:00";"2019.01.18 16:16:00";"30.0";"1925.64";"6588.20020";"6753.20020";"-69606.50";"0.00";"IST";"PT";"2d 21h 1m";"-549.36"
"437";"USTEC_ICM_UTC2";"Buy";"6813.9";"6768.6";"2019.01.18 19:45:00";"2019.01.18 22:55:00";"30.0";"-1359.00";"6731.39990";"6896.39990";"-70965.50";"0.00";"IST";"End Of Friday (Time)";"3h 10m";"-0.00"
"438";"USTEC_ICM_UTC2";"Buy";"6702.1";"6619.6";"2019.01.22 18:15:00";"2019.01.22 21:44:00";"30.0";"-2475.00";"6619.60010";"6784.60010";"-73440.50";"0.00";"IST";"SL";"3h 29m";"-0.00"
"439";"USTEC_ICM_UTC2";"Buy";"6682.1";"6599.6";"2019.01.23 16:30:00";"2019.01.23 18:54:00";"30.0";"-2475.00";"6599.60010";"6764.60010";"-75915.50";"0.00";"IST";"SL";"2h 24m";"-0.00"
"440";"USTEC_ICM_UTC2";"Buy";"6697.3";"6779.8";"2019.01.24 22:15:00";"2019.01.25 17:44:00";"30.0";"2291.88";"6614.79980";"6779.79980";"-73623.62";"0.00";"IST";"PT";"19h 29m";"-183.12"
"441";"USTEC_ICM_UTC2";"Buy";"6788.4";"6778.4";"2019.01.25 18:45:00";"2019.01.25 22:55:00";"30.0";"-300.00";"6705.89990";"6870.89990";"-73923.62";"0.00";"IST";"End Of Friday (Time)";"4h 10m";"-0.00"
"442";"USTEC_ICM_UTC2";"Buy";"6650.1";"6732.6";"2019.01.28 19:00:00";"2019.01.30 19:11:00";"30.0";"2108.76";"6567.60010";"6732.60010";"-71814.86";"0.00";"IST";"PT";"2d 0h 11m";"-366.24"
"443";"USTEC_ICM_UTC2";"Buy";"6746.7";"6829.2";"2019.01.30 19:30:00";"2019.01.30 23:13:00";"30.0";"2475.00";"6664.20020";"6829.20020";"-69339.86";"0.00";"IST";"PT";"3h 43m";"-0.00"
"444";"USTEC_ICM_UTC2";"Buy";"6926.5";"6870.9";"2019.01.31 19:15:00";"2019.02.01 22:55:00";"30.0";"-1851.12";"6844.00000";"7009.00000";"-71190.98";"0.00";"IST";"End Of Friday (Time)";"1d 3h 40m";"-183.12"
"445";"USTEC_ICM_UTC2";"Buy";"6993.5";"6911.0";"2019.02.05 20:30:00";"2019.02.07 16:38:00";"30.0";"-2841.24";"6911.00000";"7076.00000";"-74032.22";"0.00";"IST";"SL";"1d 20h 8m";"-366.24"
"446";"USTEC_ICM_UTC2";"Buy";"6865.6";"6893.8";"2019.02.07 20:00:00";"2019.02.08 22:55:00";"30.0";"662.88";"6783.10010";"6948.10010";"-73369.34";"0.00";"IST";"End Of Friday (Time)";"1d 2h 55m";"-183.12"
"447";"USTEC_ICM_UTC2";"Buy";"6917.6";"7000.1";"2019.02.11 18:30:00";"2019.02.12 17:57:00";"30.0";"2291.88";"6835.10010";"7000.10010";"-71077.46";"0.00";"IST";"PT";"23h 27m";"-183.12"
"448";"USTEC_ICM_UTC2";"Buy";"7015.3";"7044.3";"2019.02.12 21:00:00";"2019.02.15 22:55:00";"30.0";"320.64";"6932.79980";"7097.79980";"-70756.82";"0.00";"IST";"End Of Friday (Time)";"3d 1h 55m";"-549.36"
"449";"USTEC_ICM_UTC2";"Buy";"7069.3";"7076.1";"2019.02.19 18:45:00";"2019.02.22 22:55:00";"30.0";"-345.36";"6986.79980";"7151.79980";"-71102.18";"0.00";"IST";"End Of Friday (Time)";"3d 4h 10m";"-549.36"
"450";"USTEC_ICM_UTC2";"Buy";"7151.2";"7068.7";"2019.02.25 18:30:00";"2019.02.26 06:18:00";"30.0";"-2658.12";"7068.70020";"7233.70020";"-73760.30";"0.00";"IST";"SL";"11h 48m";"-183.12"
"451";"USTEC_ICM_UTC2";"Buy";"7108.5";"7149.2";"2019.02.26 20:00:00";"2019.03.01 22:55:00";"30.0";"671.64";"7026.00000";"7191.00000";"-73088.66";"0.00";"IST";"End Of Friday (Time)";"3d 2h 55m";"-549.36"
"452";"USTEC_ICM_UTC2";"Buy";"7085.1";"7167.6";"2019.03.04 19:45:00";"2019.03.05 18:37:00";"30.0";"2291.88";"7002.60010";"7167.60010";"-70796.78";"0.00";"IST";"PT";"22h 52m";"-183.12"
"453";"USTEC_ICM_UTC2";"Buy";"7163.0";"7080.5";"2019.03.05 19:15:00";"2019.03.07 09:24:00";"30.0";"-2841.24";"7080.50000";"7245.50000";"-73638.02";"0.00";"IST";"SL";"1d 14h 9m";"-366.24"
"454";"USTEC_ICM_UTC2";"Buy";"7061.5";"6979.0";"2019.03.07 20:30:00";"2019.03.08 09:29:00";"30.0";"-2658.12";"6979.00000";"7144.00000";"-76296.14";"0.00";"IST";"SL";"12h 59m";"-183.12"
"455";"USTEC_ICM_UTC2";"Buy";"6977.1";"7010.4";"2019.03.08 18:00:00";"2019.03.08 22:55:00";"30.0";"999.00";"6894.60010";"7059.60010";"-75297.14";"0.00";"IST";"End Of Friday (Time)";"4h 55m";"-0.00"
"456";"USTEC_ICM_UTC2";"Buy";"7142.0";"7224.5";"2019.03.11 18:15:00";"2019.03.13 13:51:00";"30.0";"2108.76";"7059.50000";"7224.50000";"-73188.38";"0.00";"IST";"PT";"1d 19h 36m";"-366.24"
"457";"USTEC_ICM_UTC2";"Buy";"7280.7";"7363.2";"2019.03.13 17:30:00";"2019.03.19 14:20:00";"30.0";"1376.28";"7198.20020";"7363.20020";"-71812.10";"0.00";"IST";"PT";"5d 20h 50m";"-1098.72"
"458";"USTEC_ICM_UTC2";"Buy";"7366.8";"7449.3";"2019.03.19 17:30:00";"2019.03.21 17:03:00";"30.0";"2108.76";"7284.29980";"7449.29980";"-69703.34";"0.00";"IST";"PT";"1d 23h 33m";"-366.24"
"459";"USTEC_ICM_UTC2";"Buy";"7443.5";"7361.0";"2019.03.21 18:30:00";"2019.03.22 17:58:00";"30.0";"-2658.12";"7361.00000";"7526.00000";"-72361.46";"0.00";"IST";"SL";"23h 28m";"-183.12"
"460";"USTEC_ICM_UTC2";"Buy";"7353.9";"7271.4";"2019.03.22 18:00:00";"2019.03.25 03:00:00";"30.0";"-3024.36";"7271.39990";"7436.39990";"-75385.82";"0.00";"IST";"SL";"2d 9h 0m";"-549.36"
"461";"USTEC_ICM_UTC2";"Buy";"7316.8";"7399.3";"2019.03.25 17:15:00";"2019.03.26 15:54:00";"30.0";"2291.88";"7234.29980";"7399.29980";"-73093.94";"0.00";"IST";"PT";"22h 39m";"-183.12"
"462";"USTEC_ICM_UTC2";"Buy";"7381.8";"7299.3";"2019.03.26 17:30:00";"2019.03.27 17:16:00";"30.0";"-2658.12";"7299.29980";"7464.29980";"-75752.06";"0.00";"IST";"SL";"23h 46m";"-183.12"
"463";"USTEC_ICM_UTC2";"Buy";"7251.8";"7334.3";"2019.03.27 17:45:00";"2019.03.28 16:03:00";"30.0";"2291.88";"7169.29980";"7334.29980";"-73460.18";"0.00";"IST";"PT";"22h 18m";"-183.12"
"464";"USTEC_ICM_UTC2";"Buy";"7297.8";"7380.3";"2019.03.28 18:30:00";"2019.03.29 21:02:00";"30.0";"2291.88";"7215.29980";"7380.29980";"-71168.30";"0.00";"IST";"PT";"1d 2h 32m";"-183.12"
"465";"USTEC_ICM_UTC2";"Buy";"7486.7";"7569.2";"2019.04.02 19:15:00";"2019.04.03 18:00:00";"30.0";"2291.88";"7404.20020";"7569.20020";"-68876.42";"0.00";"IST";"PT";"22h 45m";"-183.12"
"466";"USTEC_ICM_UTC2";"Buy";"7581.9";"7499.4";"2019.04.03 19:30:00";"2019.04.04 19:43:00";"30.0";"-2658.12";"7499.39990";"7664.39990";"-71534.54";"0.00";"IST";"SL";"1d 0h 13m";"-183.12"
"467";"USTEC_ICM_UTC2";"Buy";"7521.1";"7573.3";"2019.04.04 20:30:00";"2019.04.05 22:55:00";"30.0";"1382.88";"7438.60010";"7603.60010";"-70151.66";"0.00";"IST";"End Of Friday (Time)";"1d 2h 25m";"-183.12"
"468";"USTEC_ICM_UTC2";"Buy";"7578.1";"7620.0";"2019.04.08 18:45:00";"2019.04.12 22:55:00";"30.0";"524.52";"7495.60010";"7660.60010";"-69627.14";"0.00";"IST";"End Of Friday (Time)";"4d 4h 10m";"-732.48"
"469";"USTEC_ICM_UTC2";"Buy";"7605.7";"7688.2";"2019.04.15 18:30:00";"2019.04.17 15:11:00";"30.0";"2108.76";"7523.20020";"7688.20020";"-67518.38";"0.00";"IST";"PT";"1d 20h 41m";"-366.24"
"470";"USTEC_ICM_UTC2";"Buy";"7678.8";"7761.3";"2019.04.17 19:30:00";"2019.04.23 16:56:00";"30.0";"1376.28";"7596.29980";"7761.29980";"-66142.10";"0.00";"IST";"PT";"5d 21h 26m";"-1098.72"
"471";"USTEC_ICM_UTC2";"Buy";"7801.9";"7812.9";"2019.04.23 19:30:00";"2019.04.26 22:55:00";"30.0";"-219.36";"7719.39990";"7884.39990";"-66361.46";"0.00";"IST";"End Of Friday (Time)";"3d 3h 25m";"-549.36"
"472";"USTEC_ICM_UTC2";"Buy";"7834.8";"7752.3";"2019.04.29 19:15:00";"2019.04.30 18:00:00";"30.0";"-2658.12";"7752.29980";"7917.29980";"-69019.58";"0.00";"IST";"SL";"22h 45m";"-183.12"
"473";"USTEC_ICM_UTC2";"Buy";"7769.7";"7852.2";"2019.04.30 19:15:00";"2019.05.01 21:07:00";"30.0";"2291.88";"7687.20020";"7852.20020";"-66727.70";"0.00";"IST";"PT";"1d 1h 52m";"-183.12"
"474";"USTEC_ICM_UTC2";"Buy";"7697.4";"7779.9";"2019.05.02 19:45:00";"2019.05.03 15:45:00";"30.0";"2291.88";"7614.89990";"7779.89990";"-64435.82";"0.00";"IST";"PT";"20h 0m";"-183.12"
"475";"USTEC_ICM_UTC2";"Buy";"7828.6";"7845.1";"2019.05.03 20:00:00";"2019.05.03 22:55:00";"30.0";"495.00";"7746.10010";"7911.10010";"-63940.82";"0.00";"IST";"End Of Friday (Time)";"2h 55m";"-0.00"
"476";"USTEC_ICM_UTC2";"Buy";"7770.0";"7687.5";"2019.05.06 18:30:00";"2019.05.07 16:51:00";"30.0";"-2658.12";"7687.50000";"7852.50000";"-66598.94";"0.00";"IST";"SL";"22h 21m";"-183.12"
"477";"USTEC_ICM_UTC2";"Buy";"7677.1";"7594.6";"2019.05.07 17:15:00";"2019.05.07 21:31:00";"30.0";"-2475.00";"7594.60010";"7759.60010";"-69073.94";"0.00";"IST";"SL";"4h 16m";"-0.00"
"478";"USTEC_ICM_UTC2";"Buy";"7653.5";"7571.0";"2019.05.08 20:15:00";"2019.05.09 09:50:00";"30.0";"-2658.12";"7571.00000";"7736.00000";"-71732.06";"0.00";"IST";"SL";"13h 35m";"-183.12"
"479";"USTEC_ICM_UTC2";"Buy";"7486.6";"7569.1";"2019.05.09 18:30:00";"2019.05.09 19:35:00";"30.0";"2475.00";"7404.10010";"7569.10010";"-69257.06";"0.00";"IST";"PT";"1h 5m";"-0.00"
"480";"USTEC_ICM_UTC2";"Buy";"7436.7";"7519.2";"2019.05.10 18:45:00";"2019.05.10 19:53:00";"30.0";"2475.00";"7354.20020";"7519.20020";"-66782.06";"0.00";"IST";"PT";"1h 8m";"-0.00"
"481";"USTEC_ICM_UTC2";"Buy";"7337.6";"7420.1";"2019.05.13 19:15:00";"2019.05.14 18:23:00";"30.0";"2291.88";"7255.10010";"7420.10010";"-64490.18";"0.00";"IST";"PT";"23h 8m";"-183.12"
"482";"USTEC_ICM_UTC2";"Buy";"7430.1";"7347.6";"2019.05.14 19:45:00";"2019.05.15 15:44:00";"30.0";"-2658.12";"7347.60010";"7512.60010";"-67148.30";"0.00";"IST";"SL";"19h 59m";"-183.12"
"483";"USTEC_ICM_UTC2";"Buy";"7493.1";"7575.6";"2019.05.15 19:00:00";"2019.05.16 17:18:00";"30.0";"2291.88";"7410.60010";"7575.60010";"-64856.42";"0.00";"IST";"PT";"22h 18m";"-183.12"
"484";"USTEC_ICM_UTC2";"Buy";"7620.6";"7538.1";"2019.05.16 19:15:00";"2019.05.17 11:30:00";"30.0";"-2658.12";"7538.10010";"7703.10010";"-67514.54";"0.00";"IST";"SL";"16h 15m";"-183.12"
"485";"USTEC_ICM_UTC2";"Buy";"7517.9";"7600.4";"2019.05.17 17:15:00";"2019.05.17 18:01:00";"30.0";"2475.00";"7435.39990";"7600.39990";"-65039.54";"0.00";"IST";"PT";"46m 0s";"-0.00"
"486";"USTEC_ICM_UTC2";"Buy";"7391.1";"7308.6";"2019.05.20 18:45:00";"2019.05.23 13:05:00";"30.0";"-3024.36";"7308.60010";"7473.60010";"-68063.90";"0.00";"IST";"SL";"2d 18h 20m";"-549.36"
"487";"USTEC_ICM_UTC2";"Buy";"7319.6";"7300.3";"2019.05.23 17:45:00";"2019.05.24 22:55:00";"30.0";"-762.12";"7237.10010";"7402.10010";"-68826.02";"0.00";"IST";"End Of Friday (Time)";"1d 5h 10m";"-183.12"
"488";"USTEC_ICM_UTC2";"Buy";"7343.8";"7261.3";"2019.05.28 19:30:00";"2019.05.29 03:12:00";"30.0";"-2658.12";"7261.29980";"7426.29980";"-71484.14";"0.00";"IST";"SL";"7h 42m";"-183.12"
"489";"USTEC_ICM_UTC2";"Buy";"7226.5";"7144.0";"2019.05.29 16:45:00";"2019.05.31 10:54:00";"30.0";"-2841.24";"7144.00000";"7309.00000";"-74325.38";"0.00";"IST";"SL";"1d 18h 9m";"-366.24"
"490";"USTEC_ICM_UTC2";"Buy";"7170.4";"7134.0";"2019.05.31 19:00:00";"2019.05.31 22:55:00";"30.0";"-1092.00";"7087.89990";"7252.89990";"-75417.38";"0.00";"IST";"End Of Friday (Time)";"3h 55m";"-0.00"
"491";"USTEC_ICM_UTC2";"Buy";"7027.3";"6944.8";"2019.06.03 19:15:00";"2019.06.03 22:11:00";"30.0";"-2475.00";"6944.79980";"7109.79980";"-77892.38";"0.00";"IST";"SL";"2h 56m";"-0.00"
"492";"USTEC_ICM_UTC2";"Buy";"7139.8";"7222.3";"2019.06.04 21:15:00";"2019.06.05 12:27:00";"30.0";"2291.88";"7057.29980";"7222.29980";"-75600.50";"0.00";"IST";"PT";"15h 12m";"-183.12"
"493";"USTEC_ICM_UTC2";"Buy";"7196.3";"7278.8";"2019.06.05 18:45:00";"2019.06.06 22:26:00";"30.0";"2291.88";"7113.79980";"7278.79980";"-73308.62";"0.00";"IST";"PT";"1d 3h 41m";"-183.12"
"494";"USTEC_ICM_UTC2";"Buy";"7433.9";"7412.9";"2019.06.07 20:00:00";"2019.06.07 22:55:00";"30.0";"-630.00";"7351.39990";"7516.39990";"-73938.62";"0.00";"IST";"End Of Friday (Time)";"2h 55m";"-0.00"
"495";"USTEC_ICM_UTC2";"Buy";"7552.1";"7469.6";"2019.06.10 18:30:00";"2019.06.12 10:01:00";"30.0";"-2841.24";"7469.60010";"7634.60010";"-76779.86";"0.00";"IST";"SL";"1d 15h 31m";"-366.24"
"496";"USTEC_ICM_UTC2";"Buy";"7478.4";"7489.0";"2019.06.12 18:30:00";"2019.06.14 22:55:00";"30.0";"-48.24";"7395.89990";"7560.89990";"-76828.10";"0.00";"IST";"End Of Friday (Time)";"2d 4h 25m";"-366.24"
"497";"USTEC_ICM_UTC2";"Buy";"7525.1";"7607.6";"2019.06.17 19:30:00";"2019.06.18 14:52:00";"30.0";"2291.88";"7442.60010";"7607.60010";"-74536.22";"0.00";"IST";"PT";"19h 22m";"-183.12"
"498";"USTEC_ICM_UTC2";"Buy";"7643.6";"7726.1";"2019.06.18 20:15:00";"2019.06.20 05:24:00";"30.0";"2108.76";"7561.10010";"7726.10010";"-72427.46";"0.00";"IST";"PT";"1d 9h 9m";"-366.24"
"499";"USTEC_ICM_UTC2";"Buy";"7717.1";"7731.3";"2019.06.20 18:30:00";"2019.06.21 22:55:00";"30.0";"242.88";"7634.60010";"7799.60010";"-72184.58";"0.00";"IST";"End Of Friday (Time)";"1d 4h 25m";"-183.12"
"500";"USTEC_ICM_UTC2";"Buy";"7740.1";"7657.6";"2019.06.24 18:45:00";"2019.06.25 17:52:00";"30.0";"-2658.12";"7657.60010";"7822.60010";"-74842.70";"0.00";"IST";"SL";"23h 7m";"-183.12"
"501";"USTEC_ICM_UTC2";"Buy";"7659.5";"7649.8";"2019.06.25 19:00:00";"2019.06.28 22:55:00";"30.0";"-840.36";"7577.00000";"7742.00000";"-75683.06";"0.00";"IST";"End Of Friday (Time)";"3d 3h 55m";"-549.36"
"502";"USTEC_ICM_UTC2";"Buy";"7769.6";"7852.1";"2019.07.01 18:30:00";"2019.07.03 19:41:00";"30.0";"2108.76";"7687.10010";"7852.10010";"-73574.30";"0.00";"IST";"PT";"2d 1h 11m";"-366.24"
"503";"USTEC_ICM_UTC2";"Buy";"7857.7";"7775.2";"2019.07.03 20:00:00";"2019.07.05 17:34:00";"30.0";"-2841.24";"7775.20020";"7940.20020";"-76415.54";"0.00";"IST";"SL";"1d 21h 34m";"-366.24"
"504";"USTEC_ICM_UTC2";"Buy";"7800.0";"7834.8";"2019.07.05 18:30:00";"2019.07.05 22:55:00";"30.0";"1044.00";"7717.50000";"7882.50000";"-75371.54";"0.00";"IST";"End Of Friday (Time)";"4h 25m";"-0.00"
"505";"USTEC_ICM_UTC2";"Buy";"7756.1";"7838.6";"2019.07.08 17:00:00";"2019.07.10 03:52:00";"30.0";"2108.76";"7673.60010";"7838.60010";"-73262.78";"0.00";"IST";"PT";"1d 10h 52m";"-366.24"
"506";"USTEC_ICM_UTC2";"Buy";"7909.4";"7938.2";"2019.07.10 17:15:00";"2019.07.12 22:55:00";"30.0";"497.76";"7826.89990";"7991.89990";"-72765.02";"0.00";"IST";"End Of Friday (Time)";"2d 5h 40m";"-366.24"
"507";"USTEC_ICM_UTC2";"Buy";"7952.3";"7869.8";"2019.07.15 18:45:00";"2019.07.17 23:07:00";"30.0";"-2841.24";"7869.79980";"8034.79980";"-75606.26";"0.00";"IST";"SL";"2d 4h 22m";"-366.24"
"508";"USTEC_ICM_UTC2";"Buy";"7848.1";"7931.9";"2019.07.18 19:45:00";"2019.07.19 01:00:00";"30.0";"2329.98";"7765.60010";"7930.60010";"-73276.28";"0.00";"IST";"PT";"5h 15m";"-183.12"
"509";"USTEC_ICM_UTC2";"Buy";"7913.8";"7846.7";"2019.07.19 19:45:00";"2019.07.19 22:55:00";"30.0";"-2013.00";"7831.29980";"7996.29980";"-75289.28";"0.00";"IST";"End Of Friday (Time)";"3h 10m";"-0.00"
"510";"USTEC_ICM_UTC2";"Buy";"7904.5";"7987.0";"2019.07.22 22:30:00";"2019.07.24 21:53:00";"30.0";"2108.76";"7822.00000";"7987.00000";"-73180.52";"0.00";"IST";"PT";"1d 23h 23m";"-366.24"
"511";"USTEC_ICM_UTC2";"Buy";"7968.1";"8022.1";"2019.07.25 17:45:00";"2019.07.26 22:55:00";"30.0";"1436.88";"7885.60010";"8050.60010";"-71743.64";"0.00";"IST";"End Of Friday (Time)";"1d 5h 10m";"-183.12"
"512";"USTEC_ICM_UTC2";"Buy";"7975.6";"7893.1";"2019.07.29 19:00:00";"2019.07.31 21:43:00";"30.0";"-2841.24";"7893.10010";"8058.10010";"-74584.88";"0.00";"IST";"SL";"2d 2h 43m";"-366.24"
"513";"USTEC_ICM_UTC2";"Buy";"7876.3";"7958.8";"2019.07.31 22:15:00";"2019.08.01 17:30:00";"30.0";"2291.88";"7793.79980";"7958.79980";"-72293.00";"0.00";"IST";"PT";"19h 15m";"-183.12"
"514";"USTEC_ICM_UTC2";"Buy";"7988.1";"7905.6";"2019.08.01 20:15:00";"2019.08.01 20:33:00";"30.0";"-2475.00";"7905.60010";"8070.60010";"-74768.00";"0.00";"IST";"SL";"18m 0s";"-0.00"
"515";"USTEC_ICM_UTC2";"Buy";"7684.1";"7679.5";"2019.08.02 19:45:00";"2019.08.02 22:55:00";"30.0";"-138.00";"7601.60010";"7766.60010";"-74906.00";"0.00";"IST";"End Of Friday (Time)";"3h 10m";"-0.00"
"516";"USTEC_ICM_UTC2";"Buy";"7461.1";"7378.6";"2019.08.05 18:45:00";"2019.08.05 21:32:00";"30.0";"-2475.00";"7378.60010";"7543.60010";"-77381.00";"0.00";"IST";"SL";"2h 47m";"-0.00"
"517";"USTEC_ICM_UTC2";"Buy";"7451.9";"7534.4";"2019.08.06 19:30:00";"2019.08.06 21:28:00";"30.0";"2475.00";"7369.39990";"7534.39990";"-74906.00";"0.00";"IST";"PT";"1h 58m";"-0.00"
"518";"USTEC_ICM_UTC2";"Buy";"7427.8";"7510.3";"2019.08.07 17:00:00";"2019.08.07 17:50:00";"30.0";"2475.00";"7345.29980";"7510.29980";"-72431.00";"0.00";"IST";"PT";"50m 0s";"-0.00"
"519";"USTEC_ICM_UTC2";"Buy";"7681.1";"7598.6";"2019.08.08 19:00:00";"2019.08.09 18:29:00";"30.0";"-2658.12";"7598.60010";"7763.60010";"-75089.12";"0.00";"IST";"SL";"23h 29m";"-183.12"
"520";"USTEC_ICM_UTC2";"Buy";"7598.0";"7680.5";"2019.08.09 18:30:00";"2019.08.09 20:31:00";"30.0";"2475.00";"7515.50000";"7680.50000";"-72614.12";"0.00";"IST";"PT";"2h 1m";"-0.00"
"521";"USTEC_ICM_UTC2";"Buy";"7614.8";"7532.3";"2019.08.12 19:15:00";"2019.08.12 21:44:00";"30.0";"-2475.00";"7532.29980";"7697.29980";"-75089.12";"0.00";"IST";"SL";"2h 29m";"-0.00"
"522";"USTEC_ICM_UTC2";"Buy";"7729.1";"7646.6";"2019.08.13 19:30:00";"2019.08.14 13:25:00";"30.0";"-2658.12";"7646.60010";"7811.60010";"-77747.24";"0.00";"IST";"SL";"17h 55m";"-183.12"
"523";"USTEC_ICM_UTC2";"Buy";"7578.6";"7496.1";"2019.08.14 17:45:00";"2019.08.14 19:09:00";"30.0";"-2475.00";"7496.10010";"7661.10010";"-80222.24";"0.00";"IST";"SL";"1h 24m";"-0.00"
"524";"USTEC_ICM_UTC2";"Buy";"7499.1";"7581.6";"2019.08.15 17:45:00";"2019.08.16 11:36:00";"30.0";"2291.88";"7416.60010";"7581.60010";"-77930.36";"0.00";"IST";"PT";"17h 51m";"-183.12"
"525";"USTEC_ICM_UTC2";"Buy";"7598.4";"7609.9";"2019.08.16 19:30:00";"2019.08.16 22:55:00";"30.0";"345.00";"7515.89990";"7680.89990";"-77585.36";"0.00";"IST";"End Of Friday (Time)";"3h 25m";"-0.00"
"526";"USTEC_ICM_UTC2";"Buy";"7707.3";"7624.8";"2019.08.20 19:45:00";"2019.08.23 16:50:00";"30.0";"-3024.36";"7624.79980";"7789.79980";"-80609.72";"0.00";"IST";"SL";"2d 21h 5m";"-549.36"
"527";"USTEC_ICM_UTC2";"Buy";"7672.7";"7590.2";"2019.08.23 17:15:00";"2019.08.23 18:08:00";"30.0";"-2475.00";"7590.20020";"7755.20020";"-83084.72";"0.00";"IST";"SL";"53m 0s";"-0.00"
"528";"USTEC_ICM_UTC2";"Buy";"7561.3";"7643.8";"2019.08.26 19:45:00";"2019.08.29 10:14:00";"30.0";"1925.64";"7478.79980";"7643.79980";"-81159.08";"0.00";"IST";"PT";"2d 14h 29m";"-549.36"
"529";"USTEC_ICM_UTC2";"Buy";"7708.3";"7675.8";"2019.08.29 20:00:00";"2019.08.30 22:55:00";"30.0";"-1158.12";"7625.79980";"7790.79980";"-82317.20";"0.00";"IST";"End Of Friday (Time)";"1d 2h 55m";"-183.12"
"530";"USTEC_ICM_UTC2";"Buy";"7628.3";"7710.8";"2019.09.03 18:45:00";"2019.09.04 10:15:00";"30.0";"2291.88";"7545.79980";"7710.79980";"-80025.32";"0.00";"IST";"PT";"15h 30m";"-183.12"
"531";"USTEC_ICM_UTC2";"Buy";"7697.3";"7779.8";"2019.09.04 19:45:00";"2019.09.05 04:31:00";"30.0";"2291.88";"7614.79980";"7779.79980";"-77733.44";"0.00";"IST";"PT";"8h 46m";"-183.12"
"532";"USTEC_ICM_UTC2";"Buy";"7856.6";"7852.9";"2019.09.05 19:15:00";"2019.09.06 22:55:00";"30.0";"-294.12";"7774.10010";"7939.10010";"-78027.56";"0.00";"IST";"End Of Friday (Time)";"1d 3h 40m";"-183.12"
"533";"USTEC_ICM_UTC2";"Buy";"7838.0";"7755.5";"2019.09.09 19:15:00";"2019.09.10 16:41:00";"30.0";"-2658.12";"7755.50000";"7920.50000";"-80685.68";"0.00";"IST";"SL";"21h 26m";"-183.12"
"534";"USTEC_ICM_UTC2";"Buy";"7755.4";"7837.9";"2019.09.10 17:15:00";"2019.09.11 07:05:00";"30.0";"2291.88";"7672.89990";"7837.89990";"-78393.80";"0.00";"IST";"PT";"13h 50m";"-183.12"
"535";"USTEC_ICM_UTC2";"Buy";"7875.8";"7958.3";"2019.09.11 19:00:00";"2019.09.12 17:10:00";"30.0";"2291.88";"7793.29980";"7958.29980";"-76101.92";"0.00";"IST";"PT";"22h 10m";"-183.12"
"536";"USTEC_ICM_UTC2";"Buy";"7949.6";"7895.0";"2019.09.12 17:15:00";"2019.09.13 22:55:00";"30.0";"-1821.12";"7867.10010";"8032.10010";"-77923.04";"0.00";"IST";"End Of Friday (Time)";"1d 5h 40m";"-183.12"
"537";"USTEC_ICM_UTC2";"Buy";"7849.9";"7932.4";"2019.09.16 18:45:00";"2019.09.19 16:37:00";"30.0";"1925.64";"7767.39990";"7932.39990";"-75997.40";"0.00";"IST";"PT";"2d 21h 52m";"-549.36"
"538";"USTEC_ICM_UTC2";"Buy";"7938.5";"7856.0";"2019.09.19 17:15:00";"2019.09.20 19:37:00";"30.0";"-2658.12";"7856.00000";"8021.00000";"-78655.52";"0.00";"IST";"SL";"1d 2h 22m";"-183.12"
"539";"USTEC_ICM_UTC2";"Buy";"7864.1";"7829.9";"2019.09.20 19:45:00";"2019.09.20 22:55:00";"30.0";"-1026.00";"7781.60010";"7946.60010";"-79681.52";"0.00";"IST";"End Of Friday (Time)";"3h 10m";"-0.00"
"540";"USTEC_ICM_UTC2";"Buy";"7828.3";"7745.8";"2019.09.23 18:45:00";"2019.09.24 19:23:00";"30.0";"-2658.12";"7745.79980";"7910.79980";"-82339.64";"0.00";"IST";"SL";"1d 0h 38m";"-183.12"
"541";"USTEC_ICM_UTC2";"Buy";"7712.5";"7795.0";"2019.09.24 19:45:00";"2019.09.25 21:49:00";"30.0";"2291.88";"7630.00000";"7795.00000";"-80047.77";"0.00";"IST";"PT";"1d 2h 4m";"-183.12"
"542";"USTEC_ICM_UTC2";"Buy";"7809.6";"7727.1";"2019.09.25 22:15:00";"2019.09.26 18:19:00";"30.0";"-2658.12";"7727.10010";"7892.10010";"-82705.88";"0.00";"IST";"SL";"20h 4m";"-183.12"
"543";"USTEC_ICM_UTC2";"Buy";"7748.9";"7666.4";"2019.09.26 19:15:00";"2019.09.27 20:32:00";"30.0";"-2658.12";"7666.39990";"7831.39990";"-85364.00";"0.00";"IST";"SL";"1d 1h 17m";"-183.12"
"544";"USTEC_ICM_UTC2";"Buy";"7665.7";"7677.7";"2019.09.27 21:15:00";"2019.09.27 22:55:00";"30.0";"360.00";"7583.20020";"7748.20020";"-85004.00";"0.00";"IST";"End Of Friday (Time)";"1h 40m";"-0.00"
"545";"USTEC_ICM_UTC2";"Buy";"7738.3";"7820.8";"2019.09.30 18:30:00";"2019.10.01 16:48:00";"30.0";"2291.88";"7655.79980";"7820.79980";"-82712.13";"0.00";"IST";"PT";"22h 18m";"-183.12"
"546";"USTEC_ICM_UTC2";"Buy";"7716.1";"7633.6";"2019.10.01 19:00:00";"2019.10.02 11:43:00";"30.0";"-2658.12";"7633.60010";"7798.60010";"-85370.24";"0.00";"IST";"SL";"16h 43m";"-183.12"
"547";"USTEC_ICM_UTC2";"Buy";"7589.6";"7507.1";"2019.10.02 17:00:00";"2019.10.03 17:00:00";"30.0";"-2658.12";"7507.10010";"7672.10010";"-88028.36";"0.00";"IST";"SL";"1d 0h 0m";"-183.12"
"548";"USTEC_ICM_UTC2";"Buy";"7584.3";"7666.8";"2019.10.03 18:45:00";"2019.10.04 08:14:00";"30.0";"2291.88";"7501.79980";"7666.79980";"-85736.48";"0.00";"IST";"PT";"13h 29m";"-183.12"
"549";"USTEC_ICM_UTC2";"Buy";"7760.0";"7677.5";"2019.10.07 18:30:00";"2019.10.08 13:20:00";"30.0";"-2658.12";"7677.50000";"7842.50000";"-88394.60";"0.00";"IST";"SL";"18h 50m";"-183.12"
"550";"USTEC_ICM_UTC2";"Buy";"7633.2";"7715.7";"2019.10.08 17:15:00";"2019.10.09 22:02:00";"30.0";"2291.88";"7550.70020";"7715.70020";"-86102.73";"0.00";"IST";"PT";"1d 4h 47m";"-183.12"
"551";"USTEC_ICM_UTC2";"Buy";"7768.1";"7850.6";"2019.10.10 18:30:00";"2019.10.11 16:38:00";"30.0";"2291.88";"7685.60010";"7850.60010";"-83810.84";"0.00";"IST";"PT";"22h 8m";"-183.12"
"552";"USTEC_ICM_UTC2";"Buy";"7934.7";"7852.2";"2019.10.15 19:45:00";"2019.10.18 19:17:00";"30.0";"-3024.36";"7852.20020";"8017.20020";"-86835.20";"0.00";"IST";"SL";"2d 23h 32m";"-549.36"
"553";"USTEC_ICM_UTC2";"Buy";"7872.6";"7886.0";"2019.10.18 20:30:00";"2019.10.18 22:55:00";"30.0";"402.00";"7790.10010";"7955.10010";"-86433.20";"0.00";"IST";"End Of Friday (Time)";"2h 25m";"-0.00"
"554";"USTEC_ICM_UTC2";"Buy";"7921.2";"7838.0";"2019.10.21 18:45:00";"2019.10.23 01:00:00";"30.0";"-2863.44";"7838.70020";"8003.70020";"-89296.64";"0.00";"IST";"SL";"1d 6h 15m";"-366.24"
"555";"USTEC_ICM_UTC2";"Buy";"7878.1";"7960.6";"2019.10.23 18:15:00";"2019.10.24 18:30:00";"30.0";"2291.88";"7795.60010";"7960.60010";"-87004.77";"0.00";"IST";"PT";"1d 0h 15m";"-183.12"
"556";"USTEC_ICM_UTC2";"Buy";"7955.5";"8022.3";"2019.10.24 19:45:00";"2019.10.25 22:55:00";"30.0";"1820.88";"7873.00000";"8038.00000";"-85183.88";"0.00";"IST";"End Of Friday (Time)";"1d 3h 10m";"-183.12"
"557";"USTEC_ICM_UTC2";"Buy";"8103.0";"8020.5";"2019.10.28 18:15:00";"2019.10.30 16:04:00";"30.0";"-2841.24";"8020.50000";"8185.50000";"-88025.13";"0.00";"IST";"SL";"1d 21h 49m";"-366.24"
"558";"USTEC_ICM_UTC2";"Buy";"8042.5";"8125.0";"2019.10.30 19:00:00";"2019.10.31 10:16:00";"30.0";"2291.88";"7960.00000";"8125.00000";"-85733.24";"0.00";"IST";"PT";"15h 16m";"-183.12"
"559";"USTEC_ICM_UTC2";"Buy";"8075.5";"8158.0";"2019.10.31 17:30:00";"2019.11.01 21:59:00";"30.0";"2291.88";"7993.00000";"8158.00000";"-83441.36";"0.00";"IST";"PT";"1d 4h 29m";"-183.12"
"560";"USTEC_ICM_UTC2";"Buy";"8203.3";"8248.4";"2019.11.04 18:45:00";"2019.11.08 22:55:00";"30.0";"620.55";"8120.79980";"8285.79980";"-82820.81";"0.00";"IST";"End Of Friday (Time)";"4d 4h 10m";"-732.48"
"561";"USTEC_ICM_UTC2";"Buy";"8279.4";"8307.9";"2019.11.12 19:00:00";"2019.11.15 22:55:00";"30.0";"305.64";"8196.90039";"8361.90039";"-82515.17";"0.00";"IST";"End Of Friday (Time)";"3d 3h 55m";"-549.36"
"562";"USTEC_ICM_UTC2";"Buy";"8316.3";"8233.8";"2019.11.18 19:15:00";"2019.11.20 20:11:00";"30.0";"-2841.24";"8233.79980";"8398.79980";"-85356.41";"0.00";"IST";"SL";"2d 0h 56m";"-366.24"
"563";"USTEC_ICM_UTC2";"Buy";"8232.8";"8264.7";"2019.11.20 20:15:00";"2019.11.22 22:55:00";"30.0";"590.76";"8150.29980";"8315.29980";"-84765.66";"0.00";"IST";"End Of Friday (Time)";"2d 2h 40m";"-366.24"
"564";"USTEC_ICM_UTC2";"Buy";"8359.0";"8441.5";"2019.11.25 22:00:00";"2019.11.27 20:36:00";"30.0";"2108.76";"8276.50000";"8441.50000";"-82656.89";"0.00";"IST";"PT";"1d 22h 36m";"-366.24"
"565";"USTEC_ICM_UTC2";"Buy";"8423.7";"8341.2";"2019.11.29 18:30:00";"2019.12.02 16:59:00";"30.0";"-3024.36";"8341.20020";"8506.20020";"-85681.25";"0.00";"IST";"SL";"2d 22h 29m";"-549.36"
"566";"USTEC_ICM_UTC2";"Buy";"8295.0";"8212.5";"2019.12.02 18:30:00";"2019.12.03 16:04:00";"30.0";"-2658.12";"8212.50000";"8377.50000";"-88339.38";"0.00";"IST";"SL";"21h 34m";"-183.12"
"567";"USTEC_ICM_UTC2";"Buy";"8207.6";"8290.1";"2019.12.03 16:30:00";"2019.12.04 11:08:00";"30.0";"2291.88";"8125.10010";"8290.09961";"-86047.49";"0.00";"IST";"PT";"18h 38m";"-183.12"
"568";"USTEC_ICM_UTC2";"Buy";"8302.8";"8385.3";"2019.12.04 19:15:00";"2019.12.06 16:45:00";"30.0";"2108.76";"8220.29980";"8385.29980";"-83938.73";"0.00";"IST";"PT";"1d 21h 30m";"-366.24"
"569";"USTEC_ICM_UTC2";"Buy";"8391.9";"8396.3";"2019.12.06 18:30:00";"2019.12.06 22:55:00";"30.0";"131.97";"8309.40039";"8474.40039";"-83806.77";"0.00";"IST";"End Of Friday (Time)";"4h 25m";"-0.00"
"570";"USTEC_ICM_UTC2";"Buy";"8379.2";"8461.7";"2019.12.10 18:45:00";"2019.12.12 17:00:00";"30.0";"2108.76";"8296.70020";"8461.70020";"-81698.00";"0.00";"IST";"PT";"1d 22h 15m";"-366.24"
"571";"USTEC_ICM_UTC2";"Buy";"8440.8";"8486.2";"2019.12.12 20:15:00";"2019.12.13 22:55:00";"30.0";"1178.88";"8358.29980";"8523.29980";"-80519.13";"0.00";"IST";"End Of Friday (Time)";"1d 2h 40m";"-183.12"
"572";"USTEC_ICM_UTC2";"Buy";"8574.5";"8657.0";"2019.12.17 19:15:00";"2019.12.20 15:10:00";"30.0";"1925.64";"8492.00000";"8657.00000";"-78593.48";"0.00";"IST";"PT";"2d 19h 55m";"-549.36"
"573";"USTEC_ICM_UTC2";"Buy";"8657.5";"8679.3";"2019.12.20 17:00:00";"2019.12.20 22:55:00";"30.0";"654.00";"8575.00000";"8740.00000";"-77939.48";"0.00";"IST";"End Of Friday (Time)";"5h 55m";"-0.00"
"574";"USTEC_ICM_UTC2";"Buy";"8706.1";"8788.6";"2019.12.23 18:30:00";"2019.12.27 02:37:00";"30.0";"1742.52";"8623.59961";"8788.59961";"-76196.96";"0.00";"IST";"PT";"3d 8h 7m";"-732.48"
"575";"USTEC_ICM_UTC2";"Buy";"8776.7";"8762.6";"2019.12.27 17:15:00";"2019.12.27 22:55:00";"30.0";"-423.03";"8694.20020";"8859.20020";"-76619.99";"0.00";"IST";"End Of Friday (Time)";"5h 40m";"-0.00"
"576";"USTEC_ICM_UTC2";"Buy";"8678.4";"8760.9";"2019.12.30 17:15:00";"2020.01.02 03:00:00";"30.0";"1925.64";"8595.90039";"8760.90039";"-74694.35";"0.00";"IST";"PT";"2d 9h 45m";"-549.36"
"577";"USTEC_ICM_UTC2";"Buy";"8805.9";"8723.4";"2020.01.02 18:30:00";"2020.01.03 12:56:00";"30.0";"-2658.12";"8723.40039";"8888.40039";"-77352.48";"0.00";"IST";"SL";"18h 26m";"-183.12"
"578";"USTEC_ICM_UTC2";"Buy";"8808.4";"8802.9";"2020.01.03 17:15:00";"2020.01.03 22:55:00";"30.0";"-165.00";"8725.90039";"8890.90039";"-77517.48";"0.00";"IST";"End Of Friday (Time)";"5h 40m";"-0.00"
"579";"USTEC_ICM_UTC2";"Buy";"8790.8";"8873.3";"2020.01.06 17:15:00";"2020.01.07 10:50:00";"30.0";"2291.88";"8708.29980";"8873.29980";"-75225.59";"0.00";"IST";"PT";"17h 35m";"-183.12"
"580";"USTEC_ICM_UTC2";"Buy";"8863.2";"8780.7";"2020.01.07 20:45:00";"2020.01.08 01:22:00";"30.0";"-2658.12";"8780.70020";"8945.70020";"-77883.71";"0.00";"IST";"SL";"4h 37m";"-183.12"
"581";"USTEC_ICM_UTC2";"Buy";"8877.2";"8959.7";"2020.01.08 17:15:00";"2020.01.09 09:16:00";"30.0";"2291.88";"8794.70020";"8959.70020";"-75591.84";"0.00";"IST";"PT";"16h 1m";"-183.12"
"582";"USTEC_ICM_UTC2";"Buy";"9014.2";"8966.9";"2020.01.10 17:00:00";"2020.01.10 22:55:00";"30.0";"-1419.00";"8931.70020";"9096.70020";"-77010.84";"0.00";"IST";"End Of Friday (Time)";"5h 55m";"-0.00"
"583";"USTEC_ICM_UTC2";"Buy";"9028.9";"9111.4";"2020.01.13 18:30:00";"2020.01.16 22:46:00";"30.0";"1925.64";"8946.40039";"9111.40039";"-75085.20";"0.00";"IST";"PT";"3d 4h 16m";"-549.36"
"584";"USTEC_ICM_UTC2";"Buy";"9140.7";"9171.5";"2020.01.17 19:15:00";"2020.01.17 22:55:00";"30.0";"924.00";"9058.20020";"9223.20020";"-74161.20";"0.00";"IST";"End Of Friday (Time)";"3h 40m";"-0.00"
"585";"USTEC_ICM_UTC2";"Buy";"9163.7";"9246.2";"2020.01.20 19:45:00";"2020.01.24 01:02:00";"30.0";"1742.52";"9081.20020";"9246.20020";"-72418.67";"0.00";"IST";"PT";"3d 5h 17m";"-732.48"
"586";"USTEC_ICM_UTC2";"Buy";"9220.2";"9137.7";"2020.01.24 18:30:00";"2020.01.24 20:49:00";"30.0";"-2475.00";"9137.70020";"9302.70020";"-74893.67";"0.00";"IST";"SL";"2h 19m";"-0.00"
"587";"USTEC_ICM_UTC2";"Buy";"8954.2";"9036.7";"2020.01.27 18:00:00";"2020.01.28 17:24:00";"30.0";"2291.88";"8871.70020";"9036.70020";"-72601.80";"0.00";"IST";"PT";"23h 24m";"-183.12"
"588";"USTEC_ICM_UTC2";"Buy";"9071.7";"9154.2";"2020.01.30 21:15:00";"2020.01.30 23:01:00";"30.0";"2475.00";"8989.20020";"9154.20020";"-70126.80";"0.00";"IST";"PT";"1h 46m";"-0.00"
"589";"USTEC_ICM_UTC2";"Buy";"9038.5";"8998.3";"2020.01.31 19:15:00";"2020.01.31 22:55:00";"30.0";"-1206.00";"8956.00000";"9121.00000";"-71332.80";"0.00";"IST";"End Of Friday (Time)";"3h 40m";"-0.00"
"590";"USTEC_ICM_UTC2";"Buy";"9132.8";"9215.3";"2020.02.03 19:45:00";"2020.02.04 10:27:00";"30.0";"2291.88";"9050.29980";"9215.29980";"-69040.91";"0.00";"IST";"PT";"14h 42m";"-183.12"
"591";"USTEC_ICM_UTC2";"Buy";"9443.4";"9394.0";"2020.02.07 19:00:00";"2020.02.07 22:55:00";"30.0";"-1482.00";"9360.90039";"9525.90039";"-70522.91";"0.00";"IST";"End Of Friday (Time)";"3h 55m";"-0.00"
"592";"USTEC_ICM_UTC2";"Buy";"9468.0";"9550.5";"2020.02.10 19:00:00";"2020.02.11 03:16:00";"30.0";"2291.88";"9385.50000";"9550.50000";"-68231.03";"0.00";"IST";"PT";"8h 16m";"-183.12"
"593";"USTEC_ICM_UTC2";"Buy";"9591.2";"9508.7";"2020.02.12 18:45:00";"2020.02.13 12:10:00";"30.0";"-2658.12";"9508.70020";"9673.70020";"-70889.16";"0.00";"IST";"SL";"17h 25m";"-183.12"
"594";"USTEC_ICM_UTC2";"Buy";"9593.0";"9618.1";"2020.02.13 22:45:00";"2020.02.14 22:55:00";"30.0";"569.88";"9510.50000";"9675.50000";"-70319.27";"0.00";"IST";"End Of Friday (Time)";"1d 0h 10m";"-183.12"
"595";"USTEC_ICM_UTC2";"Buy";"9584.7";"9667.2";"2020.02.18 18:30:00";"2020.02.19 14:47:00";"30.0";"2291.88";"9502.20020";"9667.20020";"-68027.39";"0.00";"IST";"PT";"20h 17m";"-183.12"
"596";"USTEC_ICM_UTC2";"Buy";"9681.1";"9598.6";"2020.02.19 16:30:00";"2020.02.20 18:29:00";"30.0";"-2658.12";"9598.59961";"9763.59961";"-70685.52";"0.00";"IST";"SL";"1d 1h 59m";"-183.12"
"597";"USTEC_ICM_UTC2";"Buy";"9596.3";"9513.8";"2020.02.20 18:30:00";"2020.02.20 18:32:00";"30.0";"-2475.00";"9513.79980";"9678.79980";"-73160.52";"0.00";"IST";"SL";"2m 0s";"-0.00"
"598";"USTEC_ICM_UTC2";"Buy";"9530.9";"9448.4";"2020.02.21 16:45:00";"2020.02.21 20:35:00";"30.0";"-2475.00";"9448.40039";"9613.40039";"-75635.52";"0.00";"IST";"SL";"3h 50m";"-0.00"
"599";"USTEC_ICM_UTC2";"Buy";"9127.8";"9045.3";"2020.02.24 18:30:00";"2020.02.24 20:16:00";"30.0";"-2475.00";"9045.29980";"9210.29980";"-78110.52";"0.00";"IST";"SL";"1h 46m";"-0.00"
"600";"USTEC_ICM_UTC2";"Buy";"9023.7";"8941.2";"2020.02.25 19:15:00";"2020.02.25 20:17:00";"30.0";"-2475.00";"8941.20020";"9106.20020";"-80585.52";"0.00";"IST";"SL";"1h 2m";"-0.00"
"601";"USTEC_ICM_UTC2";"Buy";"8950.4";"8867.9";"2020.02.26 17:00:00";"2020.02.26 19:18:00";"30.0";"-2475.00";"8867.90039";"9032.90039";"-83060.52";"0.00";"IST";"SL";"2h 18m";"-0.00"
"602";"USTEC_ICM_UTC2";"Buy";"8651.2";"8733.7";"2020.02.27 18:30:00";"2020.02.27 19:13:00";"30.0";"2475.00";"8568.70020";"8733.70020";"-80585.52";"0.00";"IST";"PT";"43m 0s";"-0.00"
"603";"USTEC_ICM_UTC2";"Buy";"8178.4";"8260.9";"2020.02.28 17:15:00";"2020.02.28 17:53:00";"30.0";"2475.00";"8095.89990";"8260.90039";"-78110.52";"0.00";"IST";"PT";"38m 0s";"-0.00"
"604";"USTEC_ICM_UTC2";"Buy";"8697.4";"8614.9";"2020.03.02 20:15:00";"2020.03.02 21:38:00";"30.0";"-2475.00";"8614.90039";"8779.90039";"-80585.52";"0.00";"IST";"SL";"1h 23m";"-0.00"
"605";"USTEC_ICM_UTC2";"Buy";"8777.5";"8695.0";"2020.03.03 19:30:00";"2020.03.03 20:19:00";"30.0";"-2475.00";"8695.00000";"8860.00000";"-83060.52";"0.00";"IST";"SL";"49m 0s";"-0.00"
"606";"USTEC_ICM_UTC2";"Buy";"8721.0";"8803.5";"2020.03.04 19:00:00";"2020.03.04 19:58:00";"30.0";"2475.00";"8638.50000";"8803.50000";"-80585.52";"0.00";"IST";"PT";"58m 0s";"-0.00"
"607";"USTEC_ICM_UTC2";"Buy";"8722.8";"8640.3";"2020.03.05 21:00:00";"2020.03.05 22:12:00";"30.0";"-2475.00";"8640.29980";"8805.29980";"-83060.52";"0.00";"IST";"SL";"1h 12m";"-0.00"
"608";"USTEC_ICM_UTC2";"Buy";"8436.7";"8519.2";"2020.03.06 16:45:00";"2020.03.06 17:30:00";"30.0";"2475.00";"8354.20020";"8519.20020";"-80585.52";"0.00";"IST";"PT";"45m 0s";"-0.00"
"609";"USTEC_ICM_UTC2";"Buy";"8197.2";"8114.7";"2020.03.09 17:45:00";"2020.03.09 18:44:00";"30.0";"-2475.00";"8114.70020";"8279.70020";"-83060.52";"0.00";"IST";"SL";"59m 0s";"-0.00"
"610";"USTEC_ICM_UTC2";"Buy";"8124.2";"8041.7";"2020.03.10 19:30:00";"2020.03.10 19:56:00";"30.0";"-2475.00";"8041.70020";"8206.70020";"-85535.52";"0.00";"IST";"SL";"26m 0s";"-0.00"
"611";"USTEC_ICM_UTC2";"Buy";"7910.6";"7993.1";"2020.03.11 21:15:00";"2020.03.11 21:33:00";"30.0";"2475.00";"7828.10010";"7993.10010";"-83060.52";"0.00";"IST";"PT";"18m 0s";"-0.00"
"612";"USTEC_ICM_UTC2";"Buy";"7470.5";"7388.0";"2020.03.12 17:30:00";"2020.03.12 17:51:00";"30.0";"-2475.00";"7388.00000";"7553.00000";"-85535.52";"0.00";"IST";"SL";"21m 0s";"-0.00"
"613";"USTEC_ICM_UTC2";"Buy";"7409.0";"7491.5";"2020.03.13 18:00:00";"2020.03.13 18:40:00";"30.0";"2475.00";"7326.50000";"7491.50000";"-83060.52";"0.00";"IST";"PT";"40m 0s";"-0.00"
"614";"USTEC_ICM_UTC2";"Buy";"7401.8";"7484.3";"2020.03.16 16:45:00";"2020.03.16 17:10:00";"30.0";"2475.00";"7319.29980";"7484.29980";"-80585.52";"0.00";"IST";"PT";"25m 0s";"-0.00"
"615";"USTEC_ICM_UTC2";"Buy";"7379.4";"7461.9";"2020.03.17 19:45:00";"2020.03.17 20:10:00";"30.0";"2475.00";"7296.89990";"7461.89990";"-78110.52";"0.00";"IST";"PT";"25m 0s";"-0.00"
"616";"USTEC_ICM_UTC2";"Buy";"7418.5";"7336.0";"2020.03.19 17:45:00";"2020.03.19 17:59:00";"30.0";"-2475.00";"7336.00000";"7501.00000";"-80585.52";"0.00";"IST";"SL";"14m 0s";"-0.00"
"617";"USTEC_ICM_UTC2";"Buy";"7017.8";"6935.3";"2020.03.23 16:30:00";"2020.03.23 16:57:00";"30.0";"-2475.00";"6935.29980";"7100.29980";"-83060.52";"0.00";"IST";"SL";"27m 0s";"-0.00"
"618";"USTEC_ICM_UTC2";"Buy";"7754.1";"7671.6";"2020.03.26 18:00:00";"2020.03.26 19:32:00";"30.0";"-2475.00";"7671.60010";"7836.60010";"-85535.52";"0.00";"IST";"SL";"1h 32m";"-0.00"
"619";"USTEC_ICM_UTC2";"Buy";"7670.6";"7753.1";"2020.03.27 19:00:00";"2020.03.27 20:59:00";"30.0";"2475.00";"7588.10010";"7753.10010";"-83060.52";"0.00";"IST";"PT";"1h 59m";"-0.00"
"620";"USTEC_ICM_UTC2";"Buy";"7833.1";"7915.6";"2020.03.30 18:45:00";"2020.03.31 04:01:00";"30.0";"2291.88";"7750.60010";"7915.60010";"-80768.63";"0.00";"IST";"PT";"9h 16m";"-183.12"
"621";"USTEC_ICM_UTC2";"Buy";"7879.1";"7796.6";"2020.03.31 21:15:00";"2020.03.31 22:20:00";"30.0";"-2475.00";"7796.60010";"7961.60010";"-83243.63";"0.00";"IST";"SL";"1h 5m";"-0.00"
"622";"USTEC_ICM_UTC2";"Buy";"7549.8";"7467.3";"2020.04.01 20:45:00";"2020.04.01 22:14:00";"30.0";"-2475.00";"7467.29980";"7632.29980";"-85718.63";"0.00";"IST";"SL";"1h 29m";"-0.00"
"623";"USTEC_ICM_UTC2";"Buy";"7566.5";"7484.0";"2020.04.02 18:15:00";"2020.04.02 21:10:00";"30.0";"-2475.00";"7484.00000";"7649.00000";"-88193.63";"0.00";"IST";"SL";"2h 55m";"-0.00"
"624";"USTEC_ICM_UTC2";"Buy";"7501.4";"7534.1";"2020.04.03 19:15:00";"2020.04.03 22:55:00";"30.0";"981.00";"7418.89990";"7583.89990";"-87212.63";"0.00";"IST";"End Of Friday (Time)";"3h 40m";"-0.00"
"625";"USTEC_ICM_UTC2";"Buy";"7894.6";"7977.1";"2020.04.06 18:45:00";"2020.04.06 22:08:00";"30.0";"2475.00";"7812.10010";"7977.10010";"-84737.63";"0.00";"IST";"PT";"3h 23m";"-0.00"
"626";"USTEC_ICM_UTC2";"Buy";"8122.6";"8040.1";"2020.04.07 22:45:00";"2020.04.07 23:01:00";"30.0";"-2475.00";"8040.10010";"8205.09961";"-87212.63";"0.00";"IST";"SL";"16m 0s";"-0.00"
"627";"USTEC_ICM_UTC2";"Buy";"8200.2";"8282.7";"2020.04.08 22:45:00";"2020.04.09 10:51:00";"30.0";"2291.88";"8117.70020";"8282.70020";"-84920.76";"0.00";"IST";"PT";"12h 6m";"-183.12"
"628";"USTEC_ICM_UTC2";"Buy";"8266.6";"8184.1";"2020.04.09 19:15:00";"2020.04.09 21:53:00";"30.0";"-2475.00";"8184.10010";"8349.09961";"-87395.76";"0.00";"IST";"SL";"2h 38m";"-0.00"
"629";"USTEC_ICM_UTC2";"Buy";"8233.6";"8316.1";"2020.04.13 19:30:00";"2020.04.13 22:32:00";"30.0";"2475.00";"8151.10010";"8316.09961";"-84920.76";"0.00";"IST";"PT";"3h 2m";"-0.00"
"630";"USTEC_ICM_UTC2";"Buy";"8666.3";"8583.8";"2020.04.14 20:30:00";"2020.04.15 11:49:00";"30.0";"-2658.12";"8583.79980";"8748.79980";"-87578.88";"0.00";"IST";"SL";"15h 19m";"-183.12"
"631";"USTEC_ICM_UTC2";"Buy";"8513.8";"8596.3";"2020.04.15 16:45:00";"2020.04.15 19:50:00";"30.0";"2475.00";"8431.29980";"8596.29980";"-85103.88";"0.00";"IST";"PT";"3h 5m";"-0.00"
"632";"USTEC_ICM_UTC2";"Buy";"8685.0";"8767.5";"2020.04.16 19:30:00";"2020.04.16 22:54:00";"30.0";"2475.00";"8602.50000";"8767.50000";"-82628.88";"0.00";"IST";"PT";"3h 24m";"-0.00"
"633";"USTEC_ICM_UTC2";"Buy";"8743.7";"8826.2";"2020.04.17 19:30:00";"2020.04.17 22:50:00";"30.0";"2475.00";"8661.20020";"8826.20020";"-80153.88";"0.00";"IST";"PT";"3h 20m";"-0.00"
"634";"USTEC_ICM_UTC2";"Buy";"8415.2";"8497.7";"2020.04.21 19:15:00";"2020.04.21 21:07:00";"30.0";"2475.00";"8332.70020";"8497.70020";"-77678.88";"0.00";"IST";"PT";"1h 52m";"-0.00"
"635";"USTEC_ICM_UTC2";"Buy";"8608.6";"8691.1";"2020.04.22 19:00:00";"2020.04.22 21:57:00";"30.0";"2475.00";"8526.09961";"8691.09961";"-75203.88";"0.00";"IST";"PT";"2h 57m";"-0.00"
"636";"USTEC_ICM_UTC2";"Buy";"8712.9";"8630.4";"2020.04.23 22:00:00";"2020.04.23 23:01:00";"30.0";"-2475.00";"8630.40039";"8795.40039";"-77678.88";"0.00";"IST";"SL";"1h 1m";"-0.00"
"637";"USTEC_ICM_UTC2";"Buy";"8639.9";"8722.4";"2020.04.24 17:15:00";"2020.04.24 20:58:00";"30.0";"2475.00";"8557.40039";"8722.40039";"-75203.88";"0.00";"IST";"PT";"3h 43m";"-0.00"
"638";"USTEC_ICM_UTC2";"Buy";"8842.5";"8925.0";"2020.04.27 19:30:00";"2020.04.28 12:25:00";"30.0";"2291.88";"8760.00000";"8925.00000";"-72911.99";"0.00";"IST";"PT";"16h 55m";"-183.12"
"639";"USTEC_ICM_UTC2";"Buy";"8730.9";"8813.4";"2020.04.28 19:00:00";"2020.04.29 04:08:00";"30.0";"2291.88";"8648.40039";"8813.40039";"-70620.12";"0.00";"IST";"PT";"9h 8m";"-183.12"
"640";"USTEC_ICM_UTC2";"Buy";"8943.3";"9025.8";"2020.04.29 17:30:00";"2020.04.29 23:11:00";"30.0";"2475.00";"8860.79980";"9025.79980";"-68145.12";"0.00";"IST";"PT";"5h 41m";"-0.00"
"641";"USTEC_ICM_UTC2";"Buy";"8933.5";"8851.0";"2020.04.30 19:30:00";"2020.05.01 01:00:00";"30.0";"-2658.12";"8851.00000";"9016.00000";"-70803.23";"0.00";"IST";"SL";"5h 30m";"-183.12"
"642";"USTEC_ICM_UTC2";"Buy";"8711.7";"8703.6";"2020.05.01 20:00:00";"2020.05.01 22:55:00";"30.0";"-243.03";"8629.20020";"8794.20020";"-71046.27";"0.00";"IST";"End Of Friday (Time)";"2h 55m";"-0.00"
"643";"USTEC_ICM_UTC2";"Buy";"9025.6";"8943.1";"2020.05.06 19:15:00";"2020.05.07 01:57:00";"30.0";"-2658.12";"8943.09961";"9108.09961";"-73704.38";"0.00";"IST";"SL";"6h 42m";"-183.12"
"644";"USTEC_ICM_UTC2";"Buy";"9125.6";"9208.1";"2020.05.07 20:00:00";"2020.05.08 05:16:00";"30.0";"2291.88";"9043.09961";"9208.09961";"-71412.51";"0.00";"IST";"PT";"9h 16m";"-183.12"
"645";"USTEC_ICM_UTC2";"Buy";"9270.0";"9352.5";"2020.05.11 18:30:00";"2020.05.12 16:32:00";"30.0";"2291.88";"9187.50000";"9352.50000";"-69120.63";"0.00";"IST";"PT";"22h 2m";"-183.12"
"646";"USTEC_ICM_UTC2";"Buy";"9249.0";"9166.5";"2020.05.12 22:15:00";"2020.05.12 22:43:00";"30.0";"-2475.00";"9166.50000";"9331.50000";"-71595.63";"0.00";"IST";"SL";"28m 0s";"-0.00"
"647";"USTEC_ICM_UTC2";"Buy";"9004.7";"8922.2";"2020.05.13 19:00:00";"2020.05.13 19:14:00";"30.0";"-2475.00";"8922.20020";"9087.20020";"-74070.63";"0.00";"IST";"SL";"14m 0s";"-0.00"
"648";"USTEC_ICM_UTC2";"Buy";"8988.9";"9071.4";"2020.05.14 20:00:00";"2020.05.14 22:50:00";"30.0";"2475.00";"8906.40039";"9071.40039";"-71595.63";"0.00";"IST";"PT";"2h 50m";"-0.00"
"649";"USTEC_ICM_UTC2";"Buy";"9003.7";"9086.2";"2020.05.15 19:00:00";"2020.05.15 20:03:00";"30.0";"2475.00";"8921.20020";"9086.20020";"-69120.63";"0.00";"IST";"PT";"1h 3m";"-0.00"
"650";"USTEC_ICM_UTC2";"Buy";"9336.1";"9418.6";"2020.05.18 19:00:00";"2020.05.19 09:59:00";"30.0";"2291.88";"9253.59961";"9418.59961";"-66828.74";"0.00";"IST";"PT";"14h 59m";"-183.12"
"651";"USTEC_ICM_UTC2";"Buy";"9437.8";"9355.3";"2020.05.21 19:15:00";"2020.05.22 01:01:00";"30.0";"-2658.12";"9355.29980";"9520.29980";"-69486.87";"0.00";"IST";"SL";"5h 46m";"-183.12"
"652";"USTEC_ICM_UTC2";"Buy";"9368.7";"9406.7";"2020.05.22 19:00:00";"2020.05.22 22:55:00";"30.0";"1140.00";"9286.20020";"9451.20020";"-68346.87";"0.00";"IST";"End Of Friday (Time)";"3h 55m";"-0.00"
"653";"USTEC_ICM_UTC2";"Buy";"9430.9";"9348.4";"2020.05.26 18:45:00";"2020.05.27 16:35:00";"30.0";"-2658.12";"9348.40039";"9513.40039";"-71004.98";"0.00";"IST";"SL";"21h 50m";"-183.12"
"654";"USTEC_ICM_UTC2";"Buy";"9290.8";"9208.3";"2020.05.27 17:00:00";"2020.05.27 17:46:00";"30.0";"-2475.00";"9208.29980";"9373.29980";"-73479.98";"0.00";"IST";"SL";"46m 0s";"-0.00"
"655";"USTEC_ICM_UTC2";"Buy";"9459.4";"9541.9";"2020.05.28 16:45:00";"2020.05.28 19:40:00";"30.0";"2475.00";"9376.90039";"9541.90039";"-71004.98";"0.00";"IST";"PT";"2h 55m";"-0.00"
"656";"USTEC_ICM_UTC2";"Buy";"9426.6";"9509.1";"2020.05.29 18:45:00";"2020.05.29 22:00:00";"30.0";"2475.00";"9344.09961";"9509.09961";"-68529.98";"0.00";"IST";"PT";"3h 15m";"-0.00"
"657";"USTEC_ICM_UTC2";"Buy";"9571.3";"9653.8";"2020.06.01 19:15:00";"2020.06.02 12:27:00";"30.0";"2291.88";"9488.79980";"9653.79980";"-66238.11";"0.00";"IST";"PT";"17h 12m";"-183.12"
"658";"USTEC_ICM_UTC2";"Buy";"9556.8";"9639.3";"2020.06.02 19:15:00";"2020.06.02 22:50:00";"30.0";"2475.00";"9474.29980";"9639.29980";"-63763.11";"0.00";"IST";"PT";"3h 35m";"-0.00"
"659";"USTEC_ICM_UTC2";"Buy";"9701.8";"9619.3";"2020.06.03 21:45:00";"2020.06.04 21:56:00";"30.0";"-2658.12";"9619.29980";"9784.29980";"-66421.23";"0.00";"IST";"SL";"1d 0h 11m";"-183.12"
"660";"USTEC_ICM_UTC2";"Buy";"9805.1";"9811.6";"2020.06.05 18:45:00";"2020.06.05 22:55:00";"30.0";"195.00";"9722.59961";"9887.59961";"-66226.23";"0.00";"IST";"End Of Friday (Time)";"4h 10m";"-0.00"
"661";"USTEC_ICM_UTC2";"Buy";"9826.3";"9908.8";"2020.06.08 19:45:00";"2020.06.09 16:54:00";"30.0";"2291.88";"9743.79980";"9908.79980";"-63934.35";"0.00";"IST";"PT";"21h 9m";"-183.12"
"662";"USTEC_ICM_UTC2";"Buy";"9981.1";"10063.6";"2020.06.09 20:00:00";"2020.06.10 16:40:00";"30.0";"2291.88";"9898.59961";"10063.59961";"-61642.46";"0.00";"IST";"PT";"20h 40m";"-183.12"
"663";"USTEC_ICM_UTC2";"Buy";"10063.3";"10145.8";"2020.06.10 18:30:00";"2020.06.10 21:30:00";"30.0";"2475.00";"9980.79980";"10145.79980";"-59167.46";"0.00";"IST";"PT";"3h 0m";"-0.00"
"664";"USTEC_ICM_UTC2";"Buy";"9874.4";"9791.9";"2020.06.11 19:00:00";"2020.06.11 19:19:00";"30.0";"-2475.00";"9791.90039";"9956.90039";"-61642.46";"0.00";"IST";"SL";"19m 0s";"-0.00"
"665";"USTEC_ICM_UTC2";"Buy";"9705.8";"9623.3";"2020.06.12 19:15:00";"2020.06.12 20:04:00";"30.0";"-2475.00";"9623.29980";"9788.29980";"-64117.46";"0.00";"IST";"SL";"49m 0s";"-0.00"
"666";"USTEC_ICM_UTC2";"Buy";"9621.1";"9703.6";"2020.06.15 18:30:00";"2020.06.15 20:13:00";"30.0";"2475.00";"9538.59961";"9703.59961";"-61642.46";"0.00";"IST";"PT";"1h 43m";"-0.00"
"667";"USTEC_ICM_UTC2";"Buy";"9966.1";"9883.6";"2020.06.16 20:15:00";"2020.06.16 22:18:00";"30.0";"-2475.00";"9883.59961";"10048.59961";"-64117.46";"0.00";"IST";"SL";"2h 3m";"-0.00"
"668";"USTEC_ICM_UTC2";"Buy";"10010.0";"9927.5";"2020.06.17 19:15:00";"2020.06.18 04:22:00";"30.0";"-2658.12";"9927.50000";"10092.50000";"-66775.59";"0.00";"IST";"SL";"9h 7m";"-183.12"
"669";"USTEC_ICM_UTC2";"Buy";"9989.0";"10071.5";"2020.06.18 20:00:00";"2020.06.19 09:34:00";"30.0";"2291.88";"9906.50000";"10071.50000";"-64483.71";"0.00";"IST";"PT";"13h 34m";"-183.12"
"670";"USTEC_ICM_UTC2";"Buy";"10061.5";"10144.0";"2020.06.22 18:30:00";"2020.06.22 23:14:00";"30.0";"2475.00";"9979.00000";"10144.00000";"-62008.71";"0.00";"IST";"PT";"4h 44m";"-0.00"
"671";"USTEC_ICM_UTC2";"Buy";"10273.4";"10190.9";"2020.06.23 19:45:00";"2020.06.23 22:51:00";"30.0";"-2475.00";"10190.90039";"10355.90039";"-64483.71";"0.00";"IST";"SL";"3h 6m";"-0.00"
"672";"USTEC_ICM_UTC2";"Buy";"9955.6";"10038.1";"2020.06.24 18:45:00";"2020.06.24 19:59:00";"30.0";"2475.00";"9873.09961";"10038.09961";"-62008.71";"0.00";"IST";"PT";"1h 14m";"-0.00"
"673";"USTEC_ICM_UTC2";"Buy";"10010.6";"10093.1";"2020.06.25 19:00:00";"2020.06.25 22:54:00";"30.0";"2475.00";"9928.09961";"10093.09961";"-59533.71";"0.00";"IST";"PT";"3h 54m";"-0.00"
"674";"USTEC_ICM_UTC2";"Buy";"9905.4";"9841.9";"2020.06.26 22:45:00";"2020.06.26 22:55:00";"30.0";"-1905.00";"9822.90039";"9987.90039";"-61438.71";"0.00";"IST";"End Of Friday (Time)";"10m 0s";"-0.00"
"675";"USTEC_ICM_UTC2";"Buy";"9906.2";"9995.2";"2020.06.29 19:00:00";"2020.06.30 01:00:00";"30.0";"2485.68";"9823.70020";"9988.70020";"-58953.03";"0.00";"IST";"PT";"6h 0m";"-183.12"
"676";"USTEC_ICM_UTC2";"Buy";"10112.2";"10194.7";"2020.06.30 22:00:00";"2020.07.01 16:33:00";"30.0";"2291.88";"10029.70020";"10194.70020";"-56661.14";"0.00";"IST";"PT";"18h 33m";"-183.12"
"677";"USTEC_ICM_UTC2";"Buy";"10242.0";"10324.5";"2020.07.01 18:45:00";"2020.07.02 09:07:00";"30.0";"2291.88";"10159.50000";"10324.50000";"-54369.27";"0.00";"IST";"PT";"14h 22m";"-183.12"
"678";"USTEC_ICM_UTC2";"Buy";"10350.1";"10432.6";"2020.07.02 18:30:00";"2020.07.06 04:00:00";"30.0";"1742.52";"10267.59961";"10432.59961";"-52626.75";"0.00";"IST";"PT";"3d 9h 30m";"-732.48"
"679";"USTEC_ICM_UTC2";"Buy";"10584.5";"10667.0";"2020.07.06 22:45:00";"2020.07.07 03:17:00";"30.0";"2291.88";"10502.00000";"10667.00000";"-50334.87";"0.00";"IST";"PT";"4h 32m";"-183.12"
"680";"USTEC_ICM_UTC2";"Buy";"10676.9";"10594.4";"2020.07.07 18:45:00";"2020.07.07 21:30:00";"30.0";"-2475.00";"10594.40039";"10759.40039";"-52809.87";"0.00";"IST";"SL";"2h 45m";"-0.00"
"681";"USTEC_ICM_UTC2";"Buy";"10614.6";"10697.1";"2020.07.08 19:30:00";"2020.07.09 01:00:00";"30.0";"2291.88";"10532.09961";"10697.09961";"-50517.99";"0.00";"IST";"PT";"5h 30m";"-183.12"
"682";"USTEC_ICM_UTC2";"Buy";"10638.0";"10720.5";"2020.07.09 19:00:00";"2020.07.09 20:11:00";"30.0";"2475.00";"10555.50000";"10720.50000";"-48042.99";"0.00";"IST";"PT";"1h 11m";"-0.00"
"683";"USTEC_ICM_UTC2";"Buy";"10755.5";"10838.0";"2020.07.10 19:00:00";"2020.07.10 22:50:00";"30.0";"2475.00";"10673.00000";"10838.00000";"-45567.99";"0.00";"IST";"PT";"3h 50m";"-0.00"
"684";"USTEC_ICM_UTC2";"Buy";"10960.3";"10877.8";"2020.07.13 21:00:00";"2020.07.13 21:09:00";"30.0";"-2475.00";"10877.79980";"11042.79980";"-48042.99";"0.00";"IST";"SL";"9m 0s";"-0.00"
"685";"USTEC_ICM_UTC2";"Buy";"10381.8";"10464.3";"2020.07.14 17:15:00";"2020.07.14 17:29:00";"30.0";"2475.00";"10299.29980";"10464.29980";"-45567.99";"0.00";"IST";"PT";"14m 0s";"-0.00"
"686";"USTEC_ICM_UTC2";"Buy";"10598.5";"10681.0";"2020.07.15 19:15:00";"2020.07.15 20:35:00";"30.0";"2475.00";"10516.00000";"10681.00000";"-43092.99";"0.00";"IST";"PT";"1h 20m";"-0.00"
"687";"USTEC_ICM_UTC2";"Buy";"10557.2";"10639.7";"2020.07.16 19:00:00";"2020.07.16 22:29:00";"30.0";"2475.00";"10474.70020";"10639.70020";"-40617.99";"0.00";"IST";"PT";"3h 29m";"-0.00"
"688";"USTEC_ICM_UTC2";"Buy";"10629.8";"10637.3";"2020.07.17 18:30:00";"2020.07.17 22:55:00";"30.0";"225.00";"10547.29980";"10712.29980";"-40392.99";"0.00";"IST";"End Of Friday (Time)";"4h 25m";"-0.00"
"689";"USTEC_ICM_UTC2";"Buy";"10819.5";"10902.0";"2020.07.20 19:00:00";"2020.07.20 21:51:00";"30.0";"2475.00";"10737.00000";"10902.00000";"-37917.99";"0.00";"IST";"PT";"2h 51m";"-0.00"
"690";"USTEC_ICM_UTC2";"Buy";"10896.6";"10814.1";"2020.07.21 18:30:00";"2020.07.21 22:51:00";"30.0";"-2475.00";"10814.09961";"10979.09961";"-40392.99";"0.00";"IST";"SL";"4h 21m";"-0.00"
"691";"USTEC_ICM_UTC2";"Buy";"10845.7";"10928.2";"2020.07.22 19:00:00";"2020.07.23 09:47:00";"30.0";"2291.88";"10763.20020";"10928.20020";"-38101.11";"0.00";"IST";"PT";"14h 47m";"-183.12"
"692";"USTEC_ICM_UTC2";"Buy";"10806.6";"10724.1";"2020.07.23 19:00:00";"2020.07.23 19:24:00";"30.0";"-2475.00";"10724.09961";"10889.09961";"-40576.11";"0.00";"IST";"SL";"24m 0s";"-0.00"
"693";"USTEC_ICM_UTC2";"Buy";"10537.1";"10454.6";"2020.07.24 18:30:00";"2020.07.24 19:15:00";"30.0";"-2475.00";"10454.59961";"10619.59961";"-43051.11";"0.00";"IST";"SL";"45m 0s";"-0.00"
"694";"USTEC_ICM_UTC2";"Buy";"10579.5";"10662.0";"2020.07.27 19:30:00";"2020.07.27 21:36:00";"30.0";"2475.00";"10497.00000";"10662.00000";"-40576.11";"0.00";"IST";"PT";"2h 6m";"-0.00"
"695";"USTEC_ICM_UTC2";"Buy";"10663.8";"10746.3";"2020.07.30 18:45:00";"2020.07.30 23:08:00";"30.0";"2475.00";"10581.29980";"10746.29980";"-38101.11";"0.00";"IST";"PT";"4h 23m";"-0.00"
"696";"USTEC_ICM_UTC2";"Buy";"10777.4";"10859.9";"2020.07.31 19:30:00";"2020.07.31 22:23:00";"30.0";"2475.00";"10694.90039";"10859.90039";"-35626.11";"0.00";"IST";"PT";"2h 53m";"-0.00"
"697";"USTEC_ICM_UTC2";"Buy";"11060.1";"11142.6";"2020.08.03 19:30:00";"2020.08.05 10:11:00";"30.0";"2108.76";"10977.59961";"11142.59961";"-33517.35";"0.00";"IST";"PT";"1d 14h 41m";"-366.24"
"698";"USTEC_ICM_UTC2";"Buy";"11111.3";"11193.8";"2020.08.05 18:45:00";"2020.08.06 20:30:00";"30.0";"2291.88";"11028.79980";"11193.79980";"-31225.47";"0.00";"IST";"PT";"1d 1h 45m";"-183.12"
"699";"USTEC_ICM_UTC2";"Buy";"11206.6";"11289.1";"2020.08.06 21:00:00";"2020.08.07 03:25:00";"30.0";"2291.88";"11124.09961";"11289.09961";"-28933.59";"0.00";"IST";"PT";"6h 25m";"-183.12"
"700";"USTEC_ICM_UTC2";"Buy";"11204.7";"11122.2";"2020.08.07 19:30:00";"2020.08.07 20:09:00";"30.0";"-2475.00";"11122.20020";"11287.20020";"-31408.59";"0.00";"IST";"SL";"39m 0s";"-0.00"
"701";"USTEC_ICM_UTC2";"Buy";"11042.4";"11124.9";"2020.08.10 19:00:00";"2020.08.11 05:03:00";"30.0";"2291.88";"10959.90039";"11124.90039";"-29116.71";"0.00";"IST";"PT";"10h 3m";"-183.12"
"702";"USTEC_ICM_UTC2";"Buy";"11089.4";"11006.9";"2020.08.11 19:45:00";"2020.08.11 21:16:00";"30.0";"-2475.00";"11006.90039";"11171.90039";"-31591.71";"0.00";"IST";"SL";"1h 31m";"-0.00"
"703";"USTEC_ICM_UTC2";"Buy";"11126.3";"11208.8";"2020.08.12 18:30:00";"2020.08.13 16:31:00";"30.0";"2291.88";"11043.79980";"11208.79980";"-29299.83";"0.00";"IST";"PT";"22h 1m";"-183.12"
"704";"USTEC_ICM_UTC2";"Buy";"11262.5";"11180.0";"2020.08.13 19:45:00";"2020.08.13 21:11:00";"30.0";"-2475.00";"11180.00000";"11345.00000";"-31774.83";"0.00";"IST";"SL";"1h 26m";"-0.00"
"705";"USTEC_ICM_UTC2";"Buy";"11156.1";"11166.2";"2020.08.14 18:30:00";"2020.08.14 22:55:00";"30.0";"303.03";"11073.59961";"11238.59961";"-31471.80";"0.00";"IST";"End Of Friday (Time)";"4h 25m";"-0.00"
"706";"USTEC_ICM_UTC2";"Buy";"11259.8";"11342.3";"2020.08.17 19:00:00";"2020.08.18 15:29:00";"30.0";"2291.88";"11177.29980";"11342.29980";"-29179.92";"0.00";"IST";"PT";"20h 29m";"-183.12"
"707";"USTEC_ICM_UTC2";"Buy";"11355.6";"11438.1";"2020.08.18 18:30:00";"2020.08.19 19:01:00";"30.0";"2291.88";"11273.09961";"11438.09961";"-26888.04";"0.00";"IST";"PT";"1d 0h 31m";"-183.12"
"708";"USTEC_ICM_UTC2";"Buy";"11428.1";"11345.6";"2020.08.19 19:15:00";"2020.08.19 21:20:00";"30.0";"-2475.00";"11345.59961";"11510.59961";"-29363.04";"0.00";"IST";"SL";"2h 5m";"-0.00"
"709";"USTEC_ICM_UTC2";"Buy";"11400.3";"11482.8";"2020.08.20 18:30:00";"2020.08.20 22:10:00";"30.0";"2475.00";"11317.79980";"11482.79980";"-26888.04";"0.00";"IST";"PT";"3h 40m";"-0.00"
"710";"USTEC_ICM_UTC2";"Buy";"11544.2";"11557.1";"2020.08.21 19:45:00";"2020.08.21 22:55:00";"30.0";"386.97";"11461.70020";"11626.70020";"-26501.07";"0.00";"IST";"End Of Friday (Time)";"3h 10m";"-0.00"
"711";"USTEC_ICM_UTC2";"Buy";"11616.8";"11699.3";"2020.08.24 18:45:00";"2020.08.25 21:35:00";"30.0";"2291.88";"11534.29980";"11699.29980";"-24209.19";"0.00";"IST";"PT";"1d 2h 50m";"-183.12"
"712";"USTEC_ICM_UTC2";"Buy";"11702.3";"11784.8";"2020.08.25 22:00:00";"2020.08.26 14:37:00";"30.0";"2291.88";"11619.79980";"11784.79980";"-21917.31";"0.00";"IST";"PT";"16h 37m";"-183.12"
"713";"USTEC_ICM_UTC2";"Buy";"11930.2";"12012.7";"2020.08.26 19:15:00";"2020.08.27 16:16:00";"30.0";"2291.88";"11847.70020";"12012.70020";"-19625.43";"0.00";"IST";"PT";"21h 1m";"-183.12"
"714";"USTEC_ICM_UTC2";"Buy";"12009.6";"11927.1";"2020.08.27 18:00:00";"2020.08.27 19:38:00";"30.0";"-2475.00";"11927.09961";"12092.09961";"-22100.43";"0.00";"IST";"SL";"1h 38m";"-0.00"
"715";"USTEC_ICM_UTC2";"Buy";"11997.2";"11988.1";"2020.08.28 19:00:00";"2020.08.28 22:55:00";"30.0";"-273.03";"11914.70020";"12079.70020";"-22373.46";"0.00";"IST";"End Of Friday (Time)";"3h 55m";"-0.00"
"716";"USTEC_ICM_UTC2";"Buy";"12097.9";"12180.4";"2020.08.31 19:30:00";"2020.09.01 09:16:00";"30.0";"2291.88";"12015.40039";"12180.40039";"-20081.58";"0.00";"IST";"PT";"13h 46m";"-183.12"
"717";"USTEC_ICM_UTC2";"Buy";"12243.5";"12326.0";"2020.09.01 19:45:00";"2020.09.02 01:53:00";"30.0";"2291.88";"12161.00000";"12326.00000";"-17789.70";"0.00";"IST";"PT";"6h 8m";"-183.12"
"718";"USTEC_ICM_UTC2";"Buy";"12294.5";"12377.0";"2020.09.02 19:15:00";"2020.09.02 20:23:00";"30.0";"2475.00";"12212.00000";"12377.00000";"-15314.70";"0.00";"IST";"PT";"1h 8m";"-0.00"
"719";"USTEC_ICM_UTC2";"Buy";"11903.3";"11820.8";"2020.09.03 18:45:00";"2020.09.03 19:31:00";"30.0";"-2475.00";"11820.79980";"11985.79980";"-17789.70";"0.00";"IST";"SL";"46m 0s";"-0.00"
"720";"USTEC_ICM_UTC2";"Buy";"11544.5";"11462.0";"2020.09.04 17:00:00";"2020.09.04 17:15:00";"30.0";"-2475.00";"11462.00000";"11627.00000";"-20264.70";"0.00";"IST";"SL";"15m 0s";"-0.00"
"721";"USTEC_ICM_UTC2";"Buy";"11294.8";"11212.3";"2020.09.09 16:30:00";"2020.09.09 16:39:00";"30.0";"-2475.00";"11212.29980";"11377.29980";"-22739.70";"0.00";"IST";"SL";"9m 0s";"-0.00"
"722";"USTEC_ICM_UTC2";"Buy";"11438.0";"11355.5";"2020.09.10 19:00:00";"2020.09.10 19:35:00";"30.0";"-2475.00";"11355.50000";"11520.50000";"-25214.70";"0.00";"IST";"SL";"35m 0s";"-0.00"
"723";"USTEC_ICM_UTC2";"Buy";"11177.7";"11095.2";"2020.09.11 18:30:00";"2020.09.11 19:31:00";"30.0";"-2475.00";"11095.20020";"11260.20020";"-27689.70";"0.00";"IST";"SL";"1h 1m";"-0.00"
"724";"USTEC_ICM_UTC2";"Buy";"11350.6";"11268.1";"2020.09.14 18:45:00";"2020.09.14 20:06:00";"30.0";"-2475.00";"11268.09961";"11433.09961";"-30164.70";"0.00";"IST";"SL";"1h 21m";"-0.00"
"725";"USTEC_ICM_UTC2";"Buy";"11468.3";"11385.8";"2020.09.15 19:15:00";"2020.09.15 22:33:00";"30.0";"-2475.00";"11385.79980";"11550.79980";"-32639.70";"0.00";"IST";"SL";"3h 18m";"-0.00"
"726";"USTEC_ICM_UTC2";"Buy";"11424.1";"11341.6";"2020.09.16 18:45:00";"2020.09.16 20:26:00";"30.0";"-2475.00";"11341.59961";"11506.59961";"-35114.70";"0.00";"IST";"SL";"1h 41m";"-0.00"
"727";"USTEC_ICM_UTC2";"Buy";"10999.3";"11081.8";"2020.09.17 20:15:00";"2020.09.17 22:56:00";"30.0";"2475.00";"10916.79980";"11081.79980";"-32639.70";"0.00";"IST";"PT";"2h 41m";"-0.00"
"728";"USTEC_ICM_UTC2";"Buy";"10970.8";"10888.3";"2020.09.18 19:00:00";"2020.09.18 19:32:00";"30.0";"-2475.00";"10888.29980";"11053.29980";"-35114.70";"0.00";"IST";"SL";"32m 0s";"-0.00"
"729";"USTEC_ICM_UTC2";"Buy";"10750.9";"10833.4";"2020.09.21 18:30:00";"2020.09.21 19:00:00";"30.0";"2475.00";"10668.40039";"10833.40039";"-32639.70";"0.00";"IST";"PT";"30m 0s";"-0.00"
"730";"USTEC_ICM_UTC2";"Buy";"11034.3";"11116.8";"2020.09.22 19:00:00";"2020.09.22 20:53:00";"30.0";"2475.00";"10951.79980";"11116.79980";"-30164.70";"0.00";"IST";"PT";"1h 53m";"-0.00"
"731";"USTEC_ICM_UTC2";"Buy";"11006.2";"10923.7";"2020.09.23 19:00:00";"2020.09.23 21:16:00";"30.0";"-2475.00";"10923.70020";"11088.70020";"-32639.70";"0.00";"IST";"SL";"2h 16m";"-0.00"
"732";"USTEC_ICM_UTC2";"Buy";"10926.9";"11009.4";"2020.09.24 18:30:00";"2020.09.24 20:31:00";"30.0";"2475.00";"10844.40039";"11009.40039";"-30164.70";"0.00";"IST";"PT";"2h 1m";"-0.00"
"733";"USTEC_ICM_UTC2";"Buy";"11001.2";"11083.7";"2020.09.25 18:45:00";"2020.09.25 21:05:00";"30.0";"2475.00";"10918.70020";"11083.70020";"-27689.70";"0.00";"IST";"PT";"2h 20m";"-0.00"
"734";"USTEC_ICM_UTC2";"Buy";"11301.3";"11383.8";"2020.09.28 18:45:00";"2020.09.28 23:02:00";"30.0";"2475.00";"11218.79980";"11383.79980";"-25214.70";"0.00";"IST";"PT";"4h 17m";"-0.00"
"735";"USTEC_ICM_UTC2";"Buy";"11357.9";"11275.4";"2020.09.29 20:00:00";"2020.09.30 06:58:00";"30.0";"-2658.12";"11275.40039";"11440.40039";"-27872.82";"0.00";"IST";"SL";"10h 58m";"-183.12"
"736";"USTEC_ICM_UTC2";"Buy";"11485.1";"11402.6";"2020.09.30 18:45:00";"2020.09.30 21:49:00";"30.0";"-2475.00";"11402.59961";"11567.59961";"-30347.82";"0.00";"IST";"SL";"3h 4m";"-0.00"
"737";"USTEC_ICM_UTC2";"Buy";"11559.2";"11476.7";"2020.10.01 18:45:00";"2020.10.02 07:59:00";"30.0";"-2658.12";"11476.70020";"11641.70020";"-33005.94";"0.00";"IST";"SL";"13h 14m";"-183.12"
"738";"USTEC_ICM_UTC2";"Buy";"11330.7";"11271.7";"2020.10.02 20:00:00";"2020.10.02 22:55:00";"30.0";"-1770.00";"11248.20020";"11413.20020";"-34775.94";"0.00";"IST";"End Of Friday (Time)";"2h 55m";"-0.00"
"739";"USTEC_ICM_UTC2";"Buy";"11479.9";"11397.4";"2020.10.05 22:00:00";"2020.10.06 18:24:00";"30.0";"-2658.12";"11397.40039";"11562.40039";"-37434.06";"0.00";"IST";"SL";"20h 24m";"-183.12"
"740";"USTEC_ICM_UTC2";"Buy";"11442.0";"11524.5";"2020.10.06 19:30:00";"2020.10.06 21:44:00";"30.0";"2475.00";"11359.50000";"11524.50000";"-34959.06";"0.00";"IST";"PT";"2h 14m";"-0.00"
"741";"USTEC_ICM_UTC2";"Buy";"11443.5";"11526.0";"2020.10.07 18:30:00";"2020.10.08 04:55:00";"30.0";"2291.88";"11361.00000";"11526.00000";"-32667.18";"0.00";"IST";"PT";"10h 25m";"-183.12"
"742";"USTEC_ICM_UTC2";"Buy";"11568.3";"11650.8";"2020.10.08 19:45:00";"2020.10.09 16:52:00";"30.0";"2291.88";"11485.79980";"11650.79980";"-30375.30";"0.00";"IST";"PT";"21h 7m";"-183.12"
"743";"USTEC_ICM_UTC2";"Buy";"11708.3";"11713.5";"2020.10.09 19:15:00";"2020.10.09 22:55:00";"30.0";"156.00";"11625.79980";"11790.79980";"-30219.30";"0.00";"IST";"End Of Friday (Time)";"3h 40m";"-0.00"
"744";"USTEC_ICM_UTC2";"Buy";"11979.2";"12061.7";"2020.10.12 18:00:00";"2020.10.12 19:14:00";"30.0";"2475.00";"11896.70020";"12061.70020";"-27744.30";"0.00";"IST";"PT";"1h 14m";"-0.00"
"745";"USTEC_ICM_UTC2";"Buy";"12091.3";"12173.8";"2020.10.13 17:45:00";"2020.10.13 18:23:00";"30.0";"2475.00";"12008.79980";"12173.79980";"-25269.30";"0.00";"IST";"PT";"38m 0s";"-0.00"
"746";"USTEC_ICM_UTC2";"Buy";"12066.0";"11983.5";"2020.10.14 18:30:00";"2020.10.14 18:58:00";"30.0";"-2475.00";"11983.50000";"12148.50000";"-27744.30";"0.00";"IST";"SL";"28m 0s";"-0.00"
"747";"USTEC_ICM_UTC2";"Buy";"11830.3";"11912.8";"2020.10.15 18:30:00";"2020.10.15 22:26:00";"30.0";"2475.00";"11747.79980";"11912.79980";"-25269.30";"0.00";"IST";"PT";"3h 56m";"-0.00"
"748";"USTEC_ICM_UTC2";"Buy";"11947.3";"11864.8";"2020.10.16 20:15:00";"2020.10.16 22:53:00";"30.0";"-2475.00";"11864.79980";"12029.79980";"-27744.30";"0.00";"IST";"SL";"2h 38m";"-0.00"
"749";"USTEC_ICM_UTC2";"Buy";"11827.7";"11745.2";"2020.10.19 18:45:00";"2020.10.19 20:47:00";"30.0";"-2475.00";"11745.20020";"11910.20020";"-30219.30";"0.00";"IST";"SL";"2h 2m";"-0.00"
"750";"USTEC_ICM_UTC2";"Buy";"11694.8";"11777.3";"2020.10.20 19:00:00";"2020.10.20 20:24:00";"30.0";"2475.00";"11612.29980";"11777.29980";"-27744.30";"0.00";"IST";"PT";"1h 24m";"-0.00"
"751";"USTEC_ICM_UTC2";"Buy";"11677.9";"11760.4";"2020.10.21 19:15:00";"2020.10.21 21:56:00";"30.0";"2475.00";"11595.40039";"11760.40039";"-25269.30";"0.00";"IST";"PT";"2h 41m";"-0.00"
"752";"USTEC_ICM_UTC2";"Buy";"11603.1";"11685.6";"2020.10.22 18:45:00";"2020.10.22 22:33:00";"30.0";"2475.00";"11520.59961";"11685.59961";"-22794.30";"0.00";"IST";"PT";"3h 48m";"-0.00"
"753";"USTEC_ICM_UTC2";"Buy";"11591.8";"11674.3";"2020.10.23 18:45:00";"2020.10.23 22:46:00";"30.0";"2475.00";"11509.29980";"11674.29980";"-20319.30";"0.00";"IST";"PT";"4h 1m";"-0.00"
"754";"USTEC_ICM_UTC2";"Buy";"11498.2";"11415.7";"2020.10.26 18:30:00";"2020.10.26 19:02:00";"30.0";"-2475.00";"11415.70020";"11580.70020";"-22794.30";"0.00";"IST";"SL";"32m 0s";"-0.00"
"755";"USTEC_ICM_UTC2";"Buy";"11575.6";"11493.1";"2020.10.27 18:30:00";"2020.10.28 10:16:00";"30.0";"-2658.12";"11493.09961";"11658.09961";"-25452.42";"0.00";"IST";"SL";"15h 46m";"-183.12"
"756";"USTEC_ICM_UTC2";"Buy";"11244.8";"11162.3";"2020.10.28 18:30:00";"2020.10.28 21:55:00";"30.0";"-2475.00";"11162.29980";"11327.29980";"-27927.42";"0.00";"IST";"SL";"3h 25m";"-0.00"
"757";"USTEC_ICM_UTC2";"Buy";"11297.0";"11379.5";"2020.10.29 18:00:00";"2020.10.29 19:30:00";"30.0";"2475.00";"11214.50000";"11379.50000";"-25452.42";"0.00";"IST";"PT";"1h 30m";"-0.00"
"758";"USTEC_ICM_UTC2";"Buy";"11025.7";"11108.2";"2020.10.30 17:45:00";"2020.10.30 18:27:00";"30.0";"2475.00";"10943.20020";"11108.20020";"-22977.42";"0.00";"IST";"PT";"42m 0s";"-0.00"
"759";"USTEC_ICM_UTC2";"Buy";"11009.2";"11091.7";"2020.11.02 20:15:00";"2020.11.02 23:00:00";"30.0";"2475.00";"10926.70020";"11091.70020";"-20502.42";"0.00";"IST";"PT";"2h 45m";"-0.00"
"760";"USTEC_ICM_UTC2";"Buy";"11324.1";"11241.6";"2020.11.03 18:30:00";"2020.11.03 20:56:00";"30.0";"-2475.00";"11241.59961";"11406.59961";"-22977.42";"0.00";"IST";"SL";"2h 26m";"-0.00"
"761";"USTEC_ICM_UTC2";"Buy";"11741.9";"11824.4";"2020.11.04 17:15:00";"2020.11.04 19:19:00";"30.0";"2475.00";"11659.40039";"11824.40039";"-20502.42";"0.00";"IST";"PT";"2h 4m";"-0.00"
"762";"USTEC_ICM_UTC2";"Buy";"12055.1";"11972.6";"2020.11.05 19:15:00";"2020.11.06 05:58:00";"30.0";"-2658.12";"11972.59961";"12137.59961";"-23160.54";"0.00";"IST";"SL";"10h 43m";"-183.12"
"763";"USTEC_ICM_UTC2";"Buy";"12061.0";"12103.3";"2020.11.06 19:15:00";"2020.11.06 22:55:00";"30.0";"1269.00";"11978.50000";"12143.50000";"-21891.54";"0.00";"IST";"End Of Friday (Time)";"3h 40m";"-0.00"
"764";"USTEC_ICM_UTC2";"Buy";"12120.7";"12203.2";"2020.11.09 17:00:00";"2020.11.09 17:03:00";"30.0";"2475.00";"12038.20020";"12203.20020";"-19416.54";"0.00";"IST";"PT";"3m 0s";"-0.00"
"765";"USTEC_ICM_UTC2";"Buy";"11645.1";"11562.6";"2020.11.10 17:15:00";"2020.11.10 17:34:00";"30.0";"-2475.00";"11562.59961";"11727.59961";"-21891.54";"0.00";"IST";"SL";"19m 0s";"-0.00"
"766";"USTEC_ICM_UTC2";"Buy";"11839.9";"11922.4";"2020.11.11 18:45:00";"2020.11.12 11:45:00";"30.0";"2291.88";"11757.40039";"11922.40039";"-19599.66";"0.00";"IST";"PT";"17h 0m";"-183.12"
"767";"USTEC_ICM_UTC2";"Buy";"11819.9";"11902.4";"2020.11.12 22:15:00";"2020.11.13 09:58:00";"30.0";"2291.88";"11737.40039";"11902.40039";"-17307.78";"0.00";"IST";"PT";"11h 43m";"-183.12"
"768";"USTEC_ICM_UTC2";"Buy";"11861.7";"11944.2";"2020.11.13 18:45:00";"2020.11.13 22:38:00";"30.0";"2475.00";"11779.20020";"11944.20020";"-14832.78";"0.00";"IST";"PT";"3h 53m";"-0.00"
"769";"USTEC_ICM_UTC2";"Buy";"12001.1";"12083.6";"2020.11.16 18:30:00";"2020.11.17 01:00:00";"30.0";"2291.88";"11918.59961";"12083.59961";"-12540.90";"0.00";"IST";"PT";"6h 30m";"-183.12"
"770";"USTEC_ICM_UTC2";"Buy";"12013.5";"11931.0";"2020.11.17 19:30:00";"2020.11.18 08:26:00";"30.0";"-2658.12";"11931.00000";"12096.00000";"-15199.02";"0.00";"IST";"SL";"12h 56m";"-183.12"
"771";"USTEC_ICM_UTC2";"Buy";"11969.6";"11887.1";"2020.11.18 18:30:00";"2020.11.18 23:05:00";"30.0";"-2475.00";"11887.09961";"12052.09961";"-17674.02";"0.00";"IST";"SL";"4h 35m";"-0.00"
"772";"USTEC_ICM_UTC2";"Buy";"11948.1";"11918.2";"2020.11.19 19:00:00";"2020.11.20 22:55:00";"30.0";"-1080.09";"11865.59961";"12030.59961";"-18754.11";"0.00";"IST";"End Of Friday (Time)";"1d 3h 55m";"-183.12"
"773";"USTEC_ICM_UTC2";"Buy";"11855.3";"11937.8";"2020.11.23 19:15:00";"2020.11.23 22:07:00";"30.0";"2475.00";"11772.79980";"11937.79980";"-16279.11";"0.00";"IST";"PT";"2h 52m";"-0.00"
"774";"USTEC_ICM_UTC2";"Buy";"12032.6";"12115.1";"2020.11.24 19:30:00";"2020.11.25 01:09:00";"30.0";"2291.88";"11950.09961";"12115.09961";"-13987.23";"0.00";"IST";"PT";"5h 39m";"-183.12"
"775";"USTEC_ICM_UTC2";"Buy";"12114.2";"12196.7";"2020.11.25 18:30:00";"2020.11.26 03:41:00";"30.0";"2291.88";"12031.70020";"12196.70020";"-11695.35";"0.00";"IST";"PT";"9h 11m";"-183.12"
"776";"USTEC_ICM_UTC2";"Buy";"12250.1";"12167.6";"2020.11.30 16:45:00";"2020.11.30 17:37:00";"30.0";"-2475.00";"12167.59961";"12332.59961";"-14170.35";"0.00";"IST";"SL";"52m 0s";"-0.00"
"777";"USTEC_ICM_UTC2";"Buy";"12488.1";"12405.6";"2020.12.01 21:30:00";"2020.12.02 04:09:00";"30.0";"-2658.12";"12405.59961";"12570.59961";"-16828.47";"0.00";"IST";"SL";"6h 39m";"-183.12"
"778";"USTEC_ICM_UTC2";"Buy";"12446.0";"12528.5";"2020.12.02 18:45:00";"2020.12.03 17:13:00";"30.0";"2291.88";"12363.50000";"12528.50000";"-14536.59";"0.00";"IST";"PT";"22h 28m";"-183.12"
"779";"USTEC_ICM_UTC2";"Buy";"12510.2";"12516.1";"2020.12.03 19:00:00";"2020.12.04 22:55:00";"30.0";"-6.15";"12427.70020";"12592.70020";"-14542.74";"0.00";"IST";"End Of Friday (Time)";"1d 3h 55m";"-183.12"
"780";"USTEC_ICM_UTC2";"Buy";"12602.3";"12519.8";"2020.12.07 18:30:00";"2020.12.08 17:20:00";"30.0";"-2658.12";"12519.79980";"12684.79980";"-17200.86";"0.00";"IST";"SL";"22h 50m";"-183.12"
"781";"USTEC_ICM_UTC2";"Buy";"12617.1";"12534.6";"2020.12.08 20:15:00";"2020.12.09 19:22:00";"30.0";"-2658.12";"12534.59961";"12699.59961";"-19858.98";"0.00";"IST";"SL";"23h 7m";"-183.12"
"782";"USTEC_ICM_UTC2";"Buy";"12498.1";"12415.6";"2020.12.09 19:45:00";"2020.12.09 20:32:00";"30.0";"-2475.00";"12415.59961";"12580.59961";"-22333.98";"0.00";"IST";"SL";"47m 0s";"-0.00"
"783";"USTEC_ICM_UTC2";"Buy";"12377.6";"12295.1";"2020.12.10 17:00:00";"2020.12.11 12:58:00";"30.0";"-2658.12";"12295.09961";"12460.09961";"-24992.10";"0.00";"IST";"SL";"19h 58m";"-183.12"
"784";"USTEC_ICM_UTC2";"Buy";"12249.1";"12331.6";"2020.12.11 19:45:00";"2020.12.11 20:52:00";"30.0";"2475.00";"12166.59961";"12331.59961";"-22517.10";"0.00";"IST";"PT";"1h 7m";"-0.00"
"785";"USTEC_ICM_UTC2";"Buy";"12534.8";"12452.3";"2020.12.14 19:00:00";"2020.12.14 22:50:00";"30.0";"-2475.00";"12452.29980";"12617.29980";"-24992.10";"0.00";"IST";"SL";"3h 50m";"-0.00"
"786";"USTEC_ICM_UTC2";"Buy";"12511.2";"12593.7";"2020.12.15 19:15:00";"2020.12.15 22:59:00";"30.0";"2475.00";"12428.70020";"12593.70020";"-22517.10";"0.00";"IST";"PT";"3h 44m";"-0.00"
"787";"USTEC_ICM_UTC2";"Buy";"12651.3";"12733.8";"2020.12.16 19:15:00";"2020.12.17 09:43:00";"30.0";"2291.88";"12568.79980";"12733.79980";"-20225.22";"0.00";"IST";"PT";"14h 28m";"-183.12"
"788";"USTEC_ICM_UTC2";"Buy";"12711.8";"12629.3";"2020.12.17 19:00:00";"2020.12.18 22:25:00";"30.0";"-2658.12";"12629.29980";"12794.29980";"-22883.34";"0.00";"IST";"SL";"1d 3h 25m";"-183.12"
"789";"USTEC_ICM_UTC2";"Buy";"12608.3";"12525.8";"2020.12.21 16:45:00";"2020.12.21 17:04:00";"30.0";"-2475.00";"12525.79980";"12690.79980";"-25358.34";"0.00";"IST";"SL";"19m 0s";"-0.00"
"790";"USTEC_ICM_UTC2";"Buy";"12662.5";"12745.0";"2020.12.22 19:00:00";"2020.12.28 01:22:00";"30.0";"1376.28";"12580.00000";"12745.00000";"-23982.06";"0.00";"IST";"PT";"5d 6h 22m";"-1098.72"
"791";"USTEC_ICM_UTC2";"Buy";"12845.0";"12883.9";"2020.12.29 19:15:00";"2020.12.31 23:14:00";"30.0";"1166.97";"12762.50000";"12927.50000";"-22815.09";"0.00";"IST";"EndTest";"2d 3h 59m";"-0.00"
