"Ticket";"Symbol";"Type";"Open price";"Close price";"Open time";"Close time";"Size";"Profit/Loss";"Stop Loss price level";"Profit Target price level";"Balance";"Slippage ($)";"Sample type";"Close type";"Time in trade";"Comm/Swap"
"1";"USTEC_ICM_UTC2";"Buy";"4261.0";"4232.6";"2015.01.02 17:15:00";"2015.01.02 22:55:00";"30.0";"-852.00";"4178.50000";"4343.50000";"49148.00";"0.00";"IST";"End Of Friday (Time)";"5h 40m";"-0.00"
"2";"USTEC_ICM_UTC2";"Buy";"4206.4";"4123.9";"2015.01.05 16:30:00";"2015.01.06 18:33:00";"30.0";"-2658.12";"4123.89990";"4288.89990";"46489.88";"0.00";"IST";"SL";"1d 2h 3m";"-183.12"
"3";"USTEC_ICM_UTC2";"Buy";"4118.8";"4201.3";"2015.01.06 19:00:00";"2015.01.08 14:10:00";"30.0";"2108.76";"4036.30005";"4201.29980";"48598.64";"0.00";"IST";"PT";"1d 19h 10m";"-366.24"
"4";"USTEC_ICM_UTC2";"Buy";"4223.0";"4216.9";"2015.01.08 17:15:00";"2015.01.09 22:55:00";"30.0";"-366.12";"4140.50000";"4305.50000";"48232.52";"0.00";"IST";"End Of Friday (Time)";"1d 5h 40m";"-183.12"
"5";"USTEC_ICM_UTC2";"Buy";"4172.0";"4089.5";"2015.01.12 17:00:00";"2015.01.15 19:48:00";"30.0";"-3024.36";"4089.50000";"4254.50000";"45208.16";"0.00";"IST";"SL";"3d 2h 48m";"-549.36"
"6";"USTEC_ICM_UTC2";"Buy";"4096.9";"4141.0";"2015.01.15 20:45:00";"2015.01.16 22:55:00";"30.0";"1139.88";"4014.39990";"4179.39990";"46348.04";"0.00";"IST";"End Of Friday (Time)";"1d 2h 10m";"-183.12"
"7";"USTEC_ICM_UTC2";"Buy";"4154.9";"4237.4";"2015.01.20 16:45:00";"2015.01.22 18:24:00";"30.0";"2108.76";"4072.39990";"4237.39990";"48456.80";"0.00";"IST";"PT";"2d 1h 39m";"-366.24"
"8";"USTEC_ICM_UTC2";"Buy";"4238.9";"4273.9";"2015.01.22 18:30:00";"2015.01.23 22:55:00";"30.0";"866.88";"4156.39990";"4321.39990";"49323.68";"0.00";"IST";"End Of Friday (Time)";"1d 4h 25m";"-183.12"
"9";"USTEC_ICM_UTC2";"Buy";"4257.2";"4174.7";"2015.01.26 16:45:00";"2015.01.27 17:23:00";"30.0";"-2658.12";"4174.70020";"4339.70020";"46665.56";"0.00";"IST";"SL";"1d 0h 38m";"-183.12"
"10";"USTEC_ICM_UTC2";"Buy";"4196.8";"4114.3";"2015.01.27 21:15:00";"2015.01.29 16:41:00";"30.0";"-2841.24";"4114.29980";"4279.29980";"43824.32";"0.00";"IST";"SL";"1d 19h 26m";"-366.24"
"11";"USTEC_ICM_UTC2";"Buy";"4118.7";"4201.2";"2015.01.29 16:45:00";"2015.01.29 23:48:00";"30.0";"2475.00";"4036.19995";"4201.20020";"46299.32";"0.00";"IST";"PT";"7h 3m";"-0.00"
"12";"USTEC_ICM_UTC2";"Buy";"4202.2";"4149.5";"2015.01.30 16:45:00";"2015.01.30 22:55:00";"30.0";"-1581.00";"4119.70020";"4284.70020";"44718.32";"0.00";"IST";"End Of Friday (Time)";"6h 10m";"-0.00"
"13";"USTEC_ICM_UTC2";"Buy";"4122.2";"4204.7";"2015.02.02 17:45:00";"2015.02.03 10:57:00";"30.0";"2291.88";"4039.69995";"4204.70020";"47010.20";"0.00";"IST";"PT";"17h 12m";"-183.12"
"14";"USTEC_ICM_UTC2";"Buy";"4189.5";"4224.7";"2015.02.03 18:15:00";"2015.02.06 22:55:00";"30.0";"506.64";"4107.00000";"4272.00000";"47516.84";"0.00";"IST";"End Of Friday (Time)";"3d 4h 40m";"-549.36"
"15";"USTEC_ICM_UTC2";"Buy";"4216.7";"4299.2";"2015.02.09 18:15:00";"2015.02.11 17:40:00";"30.0";"2108.76";"4134.20020";"4299.20020";"49625.60";"0.00";"IST";"PT";"1d 23h 25m";"-366.24"
"16";"USTEC_ICM_UTC2";"Buy";"4300.7";"4380.5";"2015.02.11 17:45:00";"2015.02.13 22:55:00";"30.0";"2027.76";"4218.20020";"4383.20020";"51653.36";"0.00";"IST";"End Of Friday (Time)";"2d 5h 10m";"-366.24"
"17";"USTEC_ICM_UTC2";"Buy";"4386.9";"4437.8";"2015.02.16 18:30:00";"2015.02.20 22:55:00";"30.0";"794.52";"4304.39990";"4469.39990";"52447.88";"0.00";"IST";"End Of Friday (Time)";"4d 4h 25m";"-732.48"
"18";"USTEC_ICM_UTC2";"Buy";"4439.0";"4437.8";"2015.02.23 18:00:00";"2015.02.27 22:55:00";"30.0";"-768.48";"4356.50000";"4521.50000";"51679.40";"0.00";"IST";"End Of Friday (Time)";"4d 4h 55m";"-732.48"
"19";"USTEC_ICM_UTC2";"Buy";"4469.8";"4395.5";"2015.03.02 18:00:00";"2015.03.06 22:55:00";"30.0";"-2961.48";"4387.29980";"4552.29980";"48717.92";"0.00";"IST";"End Of Friday (Time)";"4d 4h 55m";"-732.48"
"20";"USTEC_ICM_UTC2";"Buy";"4400.0";"4317.5";"2015.03.09 16:30:00";"2015.03.11 16:44:00";"30.0";"-2841.24";"4317.50000";"4482.50000";"45876.68";"0.00";"IST";"SL";"2d 0h 14m";"-366.24"
"21";"USTEC_ICM_UTC2";"Buy";"4323.2";"4312.7";"2015.03.11 21:00:00";"2015.03.13 22:55:00";"30.0";"-681.24";"4240.70020";"4405.70020";"45195.44";"0.00";"IST";"End Of Friday (Time)";"2d 1h 55m";"-366.24"
"22";"USTEC_ICM_UTC2";"Buy";"4350.4";"4432.9";"2015.03.16 16:30:00";"2015.03.18 21:12:00";"30.0";"2108.76";"4267.89990";"4432.89990";"47304.20";"0.00";"IST";"PT";"2d 4h 42m";"-366.24"
"23";"USTEC_ICM_UTC2";"Buy";"4426.0";"4454.6";"2015.03.18 21:45:00";"2015.03.20 22:55:00";"30.0";"491.76";"4343.50000";"4508.50000";"47795.96";"0.00";"IST";"End Of Friday (Time)";"2d 1h 10m";"-366.24"
"24";"USTEC_ICM_UTC2";"Buy";"4462.6";"4380.1";"2015.03.23 16:30:00";"2015.03.25 17:39:00";"30.0";"-2841.24";"4380.10010";"4545.10010";"44954.72";"0.00";"IST";"SL";"2d 1h 9m";"-366.24"
"25";"USTEC_ICM_UTC2";"Buy";"4372.5";"4290.0";"2015.03.25 17:45:00";"2015.03.26 11:00:00";"30.0";"-2658.12";"4290.00000";"4455.00000";"42296.60";"0.00";"IST";"SL";"17h 15m";"-183.12"
"26";"USTEC_ICM_UTC2";"Buy";"4296.1";"4332.9";"2015.03.26 16:30:00";"2015.03.27 22:55:00";"30.0";"920.88";"4213.60010";"4378.60010";"43217.48";"0.00";"IST";"End Of Friday (Time)";"1d 6h 25m";"-183.12"
"27";"USTEC_ICM_UTC2";"Buy";"4369.9";"4287.4";"2015.03.30 18:00:00";"2015.04.01 03:56:00";"30.0";"-2841.24";"4287.39990";"4452.39990";"40376.24";"0.00";"IST";"SL";"1d 9h 56m";"-366.24"
"28";"USTEC_ICM_UTC2";"Buy";"4314.0";"4396.5";"2015.04.01 18:15:00";"2015.04.09 22:12:00";"30.0";"1010.04";"4231.50000";"4396.50000";"41386.28";"0.00";"IST";"PT";"8d 3h 57m";"-1464.96"
"29";"USTEC_ICM_UTC2";"Buy";"4403.8";"4419.7";"2015.04.10 17:00:00";"2015.04.10 22:55:00";"30.0";"477.00";"4321.29980";"4486.29980";"41863.28";"0.00";"IST";"End Of Friday (Time)";"5h 55m";"-0.00"
"30";"USTEC_ICM_UTC2";"Buy";"4443.3";"4360.8";"2015.04.13 16:45:00";"2015.04.17 16:45:00";"30.0";"-3207.48";"4360.79980";"4525.79980";"38655.80";"0.00";"IST";"SL";"4d 0h 0m";"-732.48"
"31";"USTEC_ICM_UTC2";"Buy";"4356.6";"4350.7";"2015.04.17 17:15:00";"2015.04.17 22:55:00";"30.0";"-177.00";"4274.10010";"4439.10010";"38478.80";"0.00";"IST";"End Of Friday (Time)";"5h 40m";"-0.00"
"32";"USTEC_ICM_UTC2";"Buy";"4413.3";"4495.8";"2015.04.20 18:15:00";"2015.04.23 22:16:00";"30.0";"1925.64";"4330.79980";"4495.79980";"40404.44";"0.00";"IST";"PT";"3d 4h 1m";"-549.36"
"33";"USTEC_ICM_UTC2";"Buy";"4486.0";"4537.0";"2015.04.23 22:45:00";"2015.04.24 22:55:00";"30.0";"1346.88";"4403.50000";"4568.50000";"41751.32";"0.00";"IST";"End Of Friday (Time)";"1d 0h 10m";"-183.12"
"34";"USTEC_ICM_UTC2";"Buy";"4558.0";"4475.5";"2015.04.27 17:15:00";"2015.04.29 19:12:00";"30.0";"-2841.24";"4475.50000";"4640.50000";"38910.08";"0.00";"IST";"SL";"2d 1h 57m";"-366.24"
"35";"USTEC_ICM_UTC2";"Buy";"4491.9";"4409.4";"2015.04.29 21:00:00";"2015.04.30 22:00:00";"30.0";"-2658.12";"4409.39990";"4574.39990";"36251.96";"0.00";"IST";"SL";"1d 1h 0m";"-183.12"
"36";"USTEC_ICM_UTC2";"Buy";"4444.5";"4475.5";"2015.05.01 17:45:00";"2015.05.01 22:55:00";"30.0";"930.00";"4362.00000";"4527.00000";"37181.96";"0.00";"IST";"End Of Friday (Time)";"5h 10m";"-0.00"
"37";"USTEC_ICM_UTC2";"Buy";"4495.9";"4413.4";"2015.05.04 18:15:00";"2015.05.05 20:20:00";"30.0";"-2658.12";"4413.39990";"4578.39990";"34523.84";"0.00";"IST";"SL";"1d 2h 5m";"-183.12"
"38";"USTEC_ICM_UTC2";"Buy";"4415.5";"4461.2";"2015.05.05 22:15:00";"2015.05.08 22:55:00";"30.0";"821.64";"4333.00000";"4498.00000";"35345.48";"0.00";"IST";"End Of Friday (Time)";"3d 0h 40m";"-549.36"
"39";"USTEC_ICM_UTC2";"Buy";"4462.9";"4380.4";"2015.05.11 17:15:00";"2015.05.12 16:45:00";"30.0";"-2658.12";"4380.39990";"4545.39990";"32687.36";"0.00";"IST";"SL";"23h 30m";"-183.12"
"40";"USTEC_ICM_UTC2";"Buy";"4392.4";"4474.9";"2015.05.12 17:30:00";"2015.05.14 18:01:00";"30.0";"2108.76";"4309.89990";"4474.89990";"34796.12";"0.00";"IST";"PT";"2d 0h 31m";"-366.24"
"41";"USTEC_ICM_UTC2";"Buy";"4496.0";"4490.9";"2015.05.15 18:15:00";"2015.05.15 22:55:00";"30.0";"-153.00";"4413.50000";"4578.50000";"34643.12";"0.00";"IST";"End Of Friday (Time)";"4h 40m";"-0.00"
"42";"USTEC_ICM_UTC2";"Buy";"4501.9";"4530.0";"2015.05.18 18:30:00";"2015.05.22 22:55:00";"30.0";"110.52";"4419.39990";"4584.39990";"34753.64";"0.00";"IST";"End Of Friday (Time)";"4d 4h 25m";"-732.48"
"43";"USTEC_ICM_UTC2";"Buy";"4482.9";"4511.9";"2015.05.26 17:30:00";"2015.05.29 22:55:00";"30.0";"320.64";"4400.39990";"4565.39990";"35074.28";"0.00";"IST";"End Of Friday (Time)";"3d 5h 25m";"-549.36"
"44";"USTEC_ICM_UTC2";"Buy";"4493.0";"4477.9";"2015.06.01 17:15:00";"2015.06.05 22:55:00";"30.0";"-1185.48";"4410.50000";"4575.50000";"33888.80";"0.00";"IST";"End Of Friday (Time)";"4d 5h 40m";"-732.48"
"45";"USTEC_ICM_UTC2";"Buy";"4462.0";"4455.0";"2015.06.08 17:15:00";"2015.06.12 22:55:00";"30.0";"-942.48";"4379.50000";"4544.50000";"32946.32";"0.00";"IST";"End Of Friday (Time)";"4d 5h 40m";"-732.48"
"46";"USTEC_ICM_UTC2";"Buy";"4417.0";"4499.5";"2015.06.15 18:30:00";"2015.06.18 16:45:00";"30.0";"1925.64";"4334.50000";"4499.50000";"34871.96";"0.00";"IST";"PT";"2d 22h 15m";"-549.36"
"47";"USTEC_ICM_UTC2";"Buy";"4522.0";"4517.5";"2015.06.18 17:15:00";"2015.06.19 22:55:00";"30.0";"-318.12";"4439.50000";"4604.50000";"34553.84";"0.00";"IST";"End Of Friday (Time)";"1d 5h 40m";"-183.12"
"48";"USTEC_ICM_UTC2";"Buy";"4546.0";"4483.9";"2015.06.22 17:30:00";"2015.06.26 22:55:00";"30.0";"-2595.48";"4463.50000";"4628.50000";"31958.36";"0.00";"IST";"End Of Friday (Time)";"4d 5h 25m";"-732.48"
"49";"USTEC_ICM_UTC2";"Buy";"4438.9";"4356.4";"2015.06.29 17:45:00";"2015.07.07 17:41:00";"30.0";"-3939.96";"4356.39990";"4521.39990";"28018.40";"0.00";"IST";"SL";"7d 23h 56m";"-1464.96"
"50";"USTEC_ICM_UTC2";"Buy";"4361.0";"4427.5";"2015.07.07 18:15:00";"2015.07.10 22:55:00";"30.0";"1445.64";"4278.50000";"4443.50000";"29464.04";"0.00";"IST";"End Of Friday (Time)";"3d 4h 40m";"-549.36"
"51";"USTEC_ICM_UTC2";"Buy";"4481.4";"4563.9";"2015.07.13 18:00:00";"2015.07.16 11:34:00";"30.0";"1925.64";"4398.89990";"4563.89990";"31389.68";"0.00";"IST";"PT";"2d 17h 34m";"-549.36"
"52";"USTEC_ICM_UTC2";"Buy";"4567.9";"4650.4";"2015.07.16 17:30:00";"2015.07.17 21:27:00";"30.0";"2291.88";"4485.39990";"4650.39990";"33681.56";"0.00";"IST";"PT";"1d 3h 57m";"-183.12"
"53";"USTEC_ICM_UTC2";"Buy";"4664.0";"4581.5";"2015.07.20 17:15:00";"2015.07.24 20:13:00";"30.0";"-3207.48";"4581.50000";"4746.50000";"30474.08";"0.00";"IST";"SL";"4d 2h 58m";"-732.48"
"54";"USTEC_ICM_UTC2";"Buy";"4564.0";"4562.0";"2015.07.24 21:30:00";"2015.07.24 22:55:00";"30.0";"-60.00";"4481.50000";"4646.50000";"30414.08";"0.00";"IST";"End Of Friday (Time)";"1h 25m";"-0.00"
"55";"USTEC_ICM_UTC2";"Buy";"4525.5";"4608.0";"2015.07.27 19:15:00";"2015.07.31 10:20:00";"30.0";"1742.52";"4443.00000";"4608.00000";"32156.60";"0.00";"IST";"PT";"3d 15h 5m";"-732.48"
"56";"USTEC_ICM_UTC2";"Buy";"4601.0";"4590.5";"2015.07.31 17:15:00";"2015.07.31 22:55:00";"30.0";"-315.00";"4518.50000";"4683.50000";"31841.60";"0.00";"IST";"End Of Friday (Time)";"5h 40m";"-0.00"
"57";"USTEC_ICM_UTC2";"Buy";"4589.2";"4506.7";"2015.08.03 18:00:00";"2015.08.07 15:38:00";"30.0";"-3207.48";"4506.70020";"4671.70020";"28634.12";"0.00";"IST";"SL";"3d 21h 38m";"-732.48"
"58";"USTEC_ICM_UTC2";"Buy";"4505.0";"4517.3";"2015.08.07 17:30:00";"2015.08.07 22:55:00";"30.0";"369.00";"4422.50000";"4587.50000";"29003.12";"0.00";"IST";"End Of Friday (Time)";"5h 25m";"-0.00"
"59";"USTEC_ICM_UTC2";"Buy";"4567.5";"4485.0";"2015.08.10 17:15:00";"2015.08.12 09:00:00";"30.0";"-2841.24";"4485.00000";"4650.00000";"26161.88";"0.00";"IST";"SL";"1d 15h 45m";"-366.24"
"60";"USTEC_ICM_UTC2";"Buy";"4450.9";"4533.4";"2015.08.12 17:30:00";"2015.08.12 22:26:00";"30.0";"2475.00";"4368.39990";"4533.39990";"28636.88";"0.00";"IST";"PT";"4h 56m";"-0.00"
"61";"USTEC_ICM_UTC2";"Buy";"4524.0";"4530.9";"2015.08.13 17:30:00";"2015.08.14 22:55:00";"30.0";"23.88";"4441.50000";"4606.50000";"28660.76";"0.00";"IST";"End Of Friday (Time)";"1d 5h 25m";"-183.12"
"62";"USTEC_ICM_UTC2";"Buy";"4528.0";"4445.5";"2015.08.17 17:15:00";"2015.08.20 17:12:00";"30.0";"-3024.36";"4445.50000";"4610.50000";"25636.40";"0.00";"IST";"SL";"2d 23h 57m";"-549.36"
"63";"USTEC_ICM_UTC2";"Buy";"4447.9";"4339.0";"2015.08.20 17:15:00";"2015.08.21 09:00:00";"30.0";"-3450.48";"4365.39990";"4530.39990";"22185.92";"0.00";"IST";"SL";"15h 45m";"-183.12"
"64";"USTEC_ICM_UTC2";"Buy";"4294.1";"4211.6";"2015.08.21 19:15:00";"2015.08.21 22:15:00";"30.0";"-2475.00";"4211.60010";"4376.60010";"19710.92";"0.00";"IST";"SL";"3h 0m";"-0.00"
"65";"USTEC_ICM_UTC2";"Buy";"4080.9";"4163.4";"2015.08.24 18:30:00";"2015.08.24 18:54:00";"30.0";"2475.00";"3998.39990";"4163.39990";"22185.92";"0.00";"IST";"PT";"24m 0s";"-0.00"
"66";"USTEC_ICM_UTC2";"Buy";"4146.4";"4063.9";"2015.08.25 21:00:00";"2015.08.25 22:45:00";"30.0";"-2475.00";"4063.89990";"4228.89990";"19710.92";"0.00";"IST";"SL";"1h 45m";"-0.00"
"67";"USTEC_ICM_UTC2";"Buy";"4124.0";"4206.5";"2015.08.26 17:15:00";"2015.08.26 22:42:00";"30.0";"2475.00";"4041.50000";"4206.50000";"22185.92";"0.00";"IST";"PT";"5h 27m";"-0.00"
"68";"USTEC_ICM_UTC2";"Buy";"4315.0";"4232.5";"2015.08.27 19:45:00";"2015.08.27 22:05:00";"30.0";"-2475.00";"4232.50000";"4397.50000";"19710.92";"0.00";"IST";"SL";"2h 20m";"-0.00"
"69";"USTEC_ICM_UTC2";"Buy";"4305.0";"4321.0";"2015.08.28 17:15:00";"2015.08.28 22:55:00";"30.0";"480.00";"4222.50000";"4387.50000";"20190.92";"0.00";"IST";"End Of Friday (Time)";"5h 40m";"-0.00"
"70";"USTEC_ICM_UTC2";"Buy";"4285.0";"4186.0";"2015.08.31 17:15:00";"2015.09.01 09:00:00";"30.0";"-3153.15";"4202.50000";"4367.50000";"17037.77";"0.00";"IST";"SL";"15h 45m";"-183.12"
"71";"USTEC_ICM_UTC2";"Buy";"4194.2";"4276.7";"2015.09.01 17:15:00";"2015.09.03 10:21:00";"30.0";"2108.76";"4111.70020";"4276.70020";"19146.53";"0.00";"IST";"PT";"1d 17h 6m";"-366.24"
"72";"USTEC_ICM_UTC2";"Buy";"4275.0";"4192.5";"2015.09.03 17:15:00";"2015.09.04 10:31:00";"30.0";"-2658.12";"4192.50000";"4357.50000";"16488.41";"0.00";"IST";"SL";"17h 16m";"-183.12"
"73";"USTEC_ICM_UTC2";"Buy";"4201.8";"4196.0";"2015.09.04 17:45:00";"2015.09.04 22:55:00";"30.0";"-174.00";"4119.29980";"4284.29980";"16314.41";"0.00";"IST";"End Of Friday (Time)";"5h 10m";"-0.00"
"74";"USTEC_ICM_UTC2";"Buy";"4260.6";"4346.4";"2015.09.08 18:15:00";"2015.09.09 09:00:00";"30.0";"2391.69";"4178.10010";"4343.10010";"18706.10";"0.00";"IST";"PT";"14h 45m";"-183.12"
"75";"USTEC_ICM_UTC2";"Buy";"4328.3";"4245.8";"2015.09.09 17:30:00";"2015.09.09 22:49:00";"30.0";"-2475.00";"4245.79980";"4410.79980";"16231.10";"0.00";"IST";"SL";"5h 19m";"-0.00"
"76";"USTEC_ICM_UTC2";"Buy";"4282.4";"4313.9";"2015.09.10 18:15:00";"2015.09.11 22:55:00";"30.0";"761.88";"4199.89990";"4364.89990";"16992.98";"0.00";"IST";"End Of Friday (Time)";"1d 4h 40m";"-183.12"
"77";"USTEC_ICM_UTC2";"Buy";"4301.9";"4384.4";"2015.09.14 18:30:00";"2015.09.16 22:38:00";"30.0";"2108.76";"4219.39990";"4384.39990";"19101.74";"0.00";"IST";"PT";"2d 4h 8m";"-366.24"
"78";"USTEC_ICM_UTC2";"Buy";"4394.6";"4312.1";"2015.09.17 21:00:00";"2015.09.18 16:18:00";"30.0";"-2658.12";"4312.10010";"4477.10010";"16443.62";"0.00";"IST";"SL";"19h 18m";"-183.12"
"79";"USTEC_ICM_UTC2";"Buy";"4351.0";"4325.2";"2015.09.18 18:00:00";"2015.09.18 22:55:00";"30.0";"-774.00";"4268.50000";"4433.50000";"15669.62";"0.00";"IST";"End Of Friday (Time)";"4h 55m";"-0.00"
"80";"USTEC_ICM_UTC2";"Buy";"4349.0";"4266.5";"2015.09.21 16:45:00";"2015.09.22 13:13:00";"30.0";"-2658.12";"4266.50000";"4431.50000";"13011.50";"0.00";"IST";"SL";"20h 28m";"-183.12"
"81";"USTEC_ICM_UTC2";"Buy";"4263.9";"4225.1";"2015.09.22 17:30:00";"2015.09.25 22:55:00";"30.0";"-1713.36";"4181.39990";"4346.39990";"11298.14";"0.00";"IST";"End Of Friday (Time)";"3d 5h 25m";"-549.36"
"82";"USTEC_ICM_UTC2";"Buy";"4158.3";"4075.8";"2015.09.28 17:15:00";"2015.09.29 22:01:00";"30.0";"-2658.12";"4075.80005";"4240.79980";"8640.02";"0.00";"IST";"SL";"1d 4h 46m";"-183.12"
"83";"USTEC_ICM_UTC2";"Buy";"4176.0";"4258.5";"2015.09.30 17:30:00";"2015.10.02 22:30:00";"30.0";"2108.76";"4093.50000";"4258.50000";"10748.78";"0.00";"IST";"PT";"2d 5h 0m";"-366.24"
"84";"USTEC_ICM_UTC2";"Buy";"4308.2";"4366.8";"2015.10.05 17:15:00";"2015.10.09 22:55:00";"30.0";"1025.52";"4225.70020";"4390.70020";"11774.30";"0.00";"IST";"End Of Friday (Time)";"4d 5h 40m";"-732.48"
"85";"USTEC_ICM_UTC2";"Buy";"4374.7";"4434.3";"2015.10.12 17:15:00";"2015.10.16 22:55:00";"30.0";"1055.52";"4292.20020";"4457.20020";"12829.82";"0.00";"IST";"End Of Friday (Time)";"4d 5h 40m";"-732.48"
"86";"USTEC_ICM_UTC2";"Buy";"4429.7";"4582.1";"2015.10.19 16:30:00";"2015.10.23 09:00:00";"30.0";"3840.24";"4347.20020";"4512.20020";"16670.06";"0.00";"IST";"PT";"3d 16h 30m";"-732.48"
"87";"USTEC_ICM_UTC2";"Buy";"4603.2";"4627.9";"2015.10.23 19:00:00";"2015.10.23 22:55:00";"30.0";"741.00";"4520.70020";"4685.70020";"17411.06";"0.00";"IST";"End Of Friday (Time)";"3h 55m";"-0.00"
"88";"USTEC_ICM_UTC2";"Buy";"4618.2";"4700.7";"2015.10.26 16:30:00";"2015.11.02 21:57:00";"30.0";"1193.16";"4535.70020";"4700.70020";"18604.22";"0.00";"IST";"PT";"7d 5h 27m";"-1281.84"
"89";"USTEC_ICM_UTC2";"Buy";"4699.4";"4701.5";"2015.11.03 18:00:00";"2015.11.06 22:55:00";"30.0";"-486.36";"4616.89990";"4781.89990";"18117.86";"0.00";"IST";"End Of Friday (Time)";"3d 4h 55m";"-549.36"
"90";"USTEC_ICM_UTC2";"Buy";"4635.1";"4552.6";"2015.11.09 18:45:00";"2015.11.13 17:05:00";"30.0";"-3207.48";"4552.60010";"4717.60010";"14910.38";"0.00";"IST";"SL";"3d 22h 20m";"-732.48"
"91";"USTEC_ICM_UTC2";"Buy";"4542.6";"4506.7";"2015.11.13 17:15:00";"2015.11.13 22:55:00";"30.0";"-1077.00";"4460.10010";"4625.10010";"13833.38";"0.00";"IST";"End Of Friday (Time)";"5h 40m";"-0.00"
"92";"USTEC_ICM_UTC2";"Buy";"4509.1";"4591.6";"2015.11.16 17:00:00";"2015.11.17 18:30:00";"30.0";"2291.88";"4426.60010";"4591.60010";"16125.26";"0.00";"IST";"PT";"1d 1h 30m";"-183.12"
"93";"USTEC_ICM_UTC2";"Buy";"4594.0";"4676.5";"2015.11.17 19:15:00";"2015.11.19 20:05:00";"30.0";"2108.76";"4511.50000";"4676.50000";"18234.02";"0.00";"IST";"PT";"2d 0h 50m";"-366.24"
"94";"USTEC_ICM_UTC2";"Buy";"4660.7";"4682.7";"2015.11.19 21:45:00";"2015.11.20 22:55:00";"30.0";"476.88";"4578.20020";"4743.20020";"18710.90";"0.00";"IST";"End Of Friday (Time)";"1d 1h 10m";"-183.12"
"95";"USTEC_ICM_UTC2";"Buy";"4693.9";"4611.4";"2015.11.23 18:45:00";"2015.12.03 20:49:00";"30.0";"-4306.20";"4611.39990";"4776.39990";"14404.70";"0.00";"IST";"SL";"10d 2h 4m";"-1831.20"
"96";"USTEC_ICM_UTC2";"Buy";"4606.3";"4688.8";"2015.12.03 21:00:00";"2015.12.04 19:34:00";"30.0";"2291.88";"4523.79980";"4688.79980";"16696.58";"0.00";"IST";"PT";"22h 34m";"-183.12"
"97";"USTEC_ICM_UTC2";"Buy";"4698.4";"4714.8";"2015.12.04 19:45:00";"2015.12.04 22:55:00";"30.0";"492.00";"4615.89990";"4780.89990";"17188.58";"0.00";"IST";"End Of Friday (Time)";"3h 10m";"-0.00"
"98";"USTEC_ICM_UTC2";"Buy";"4703.7";"4621.2";"2015.12.07 17:00:00";"2015.12.09 19:27:00";"30.0";"-2841.24";"4621.20020";"4786.20020";"14347.34";"0.00";"IST";"SL";"2d 2h 27m";"-366.24"
"99";"USTEC_ICM_UTC2";"Buy";"4607.9";"4536.0";"2015.12.09 20:15:00";"2015.12.11 22:55:00";"30.0";"-2523.24";"4525.39990";"4690.39990";"11824.10";"0.00";"IST";"End Of Friday (Time)";"2d 2h 40m";"-366.24"
"100";"USTEC_ICM_UTC2";"Buy";"4509.8";"4592.3";"2015.12.14 17:30:00";"2015.12.15 10:34:00";"30.0";"2291.88";"4427.29980";"4592.29980";"14115.98";"0.00";"IST";"PT";"17h 4m";"-183.12"
"101";"USTEC_ICM_UTC2";"Buy";"4629.9";"4547.4";"2015.12.15 17:15:00";"2015.12.18 17:41:00";"30.0";"-3024.36";"4547.39990";"4712.39990";"11091.62";"0.00";"IST";"SL";"3d 0h 26m";"-549.36"
"102";"USTEC_ICM_UTC2";"Buy";"4548.3";"4523.6";"2015.12.18 17:45:00";"2015.12.18 22:55:00";"30.0";"-741.00";"4465.79980";"4630.79980";"10350.62";"0.00";"IST";"End Of Friday (Time)";"5h 10m";"-0.00"
"103";"USTEC_ICM_UTC2";"Buy";"4579.0";"4661.5";"2015.12.22 17:30:00";"2015.12.29 16:50:00";"30.0";"1193.16";"4496.50000";"4661.50000";"11543.78";"0.00";"IST";"PT";"6d 23h 20m";"-1281.84"
"104";"USTEC_ICM_UTC2";"Buy";"4673.0";"4547.9";"2015.12.29 17:15:00";"2016.01.04 09:00:00";"30.0";"-4851.03";"4590.50000";"4755.50000";"6692.75";"0.00";"IST";"SL";"5d 15h 45m";"-1098.72"
"105";"USTEC_ICM_UTC2";"Buy";"4462.4";"4379.9";"2016.01.04 17:45:00";"2016.01.07 09:00:00";"30.0";"-3024.36";"4379.89990";"4544.89990";"3668.39";"0.00";"IST";"SL";"2d 15h 15m";"-549.36"
"106";"USTEC_ICM_UTC2";"Buy";"4360.0";"4277.5";"2016.01.07 17:15:00";"2016.01.08 22:46:00";"30.0";"-2658.12";"4277.50000";"4442.50000";"1010.27";"0.00";"IST";"SL";"1d 5h 31m";"-183.12"
"107";"USTEC_ICM_UTC2";"Buy";"4283.8";"4366.3";"2016.01.11 17:15:00";"2016.01.13 10:45:00";"30.0";"2108.76";"4201.29980";"4366.29980";"3119.03";"0.00";"IST";"PT";"1d 17h 30m";"-366.24"
"108";"USTEC_ICM_UTC2";"Buy";"4323.7";"4241.2";"2016.01.13 17:15:00";"2016.01.13 20:44:00";"30.0";"-2475.00";"4241.20020";"4406.20020";"644.03";"0.00";"IST";"SL";"3h 29m";"-0.00"
"109";"USTEC_ICM_UTC2";"Buy";"4164.9";"4247.4";"2016.01.14 17:15:00";"2016.01.14 19:32:00";"30.0";"2475.00";"4082.39990";"4247.39990";"3119.03";"0.00";"IST";"PT";"2h 17m";"-0.00"
"110";"USTEC_ICM_UTC2";"Buy";"4150.9";"4141.0";"2016.01.15 17:00:00";"2016.01.15 22:55:00";"30.0";"-297.00";"4068.39990";"4233.39990";"2822.03";"0.00";"IST";"End Of Friday (Time)";"5h 55m";"-0.00"
"111";"USTEC_ICM_UTC2";"Buy";"4183.9";"4101.4";"2016.01.19 16:45:00";"2016.01.19 21:45:00";"30.0";"-2475.00";"4101.39990";"4266.39990";"347.03";"0.00";"IST";"SL";"5h 0m";"-0.00"
"112";"USTEC_ICM_UTC2";"Buy";"4058.3";"4140.8";"2016.01.20 17:15:00";"2016.01.20 22:17:00";"30.0";"2475.00";"3975.80005";"4140.79980";"2822.03";"0.00";"IST";"PT";"5h 2m";"-0.00"
"113";"USTEC_ICM_UTC2";"Buy";"4153.9";"4236.4";"2016.01.21 16:30:00";"2016.01.22 16:58:00";"30.0";"2291.88";"4071.39990";"4236.39990";"5113.91";"0.00";"IST";"PT";"1d 0h 28m";"-183.12"
"114";"USTEC_ICM_UTC2";"Buy";"4236.5";"4258.3";"2016.01.22 18:30:00";"2016.01.22 22:55:00";"30.0";"654.00";"4154.00000";"4319.00000";"5767.91";"0.00";"IST";"End Of Friday (Time)";"4h 25m";"-0.00"
"115";"USTEC_ICM_UTC2";"Buy";"4248.2";"4165.7";"2016.01.25 17:15:00";"2016.01.26 09:37:00";"30.0";"-2658.12";"4165.70020";"4330.70020";"3109.79";"0.00";"IST";"SL";"16h 22m";"-183.12"
"116";"USTEC_ICM_UTC2";"Buy";"4211.2";"4128.7";"2016.01.26 17:30:00";"2016.01.27 22:02:00";"30.0";"-2658.12";"4128.70020";"4293.70020";"451.67";"0.00";"IST";"SL";"1d 4h 32m";"-183.12"
"117";"USTEC_ICM_UTC2";"Buy";"4125.1";"4207.6";"2016.01.27 22:30:00";"2016.01.29 16:37:00";"30.0";"2108.76";"4042.60010";"4207.60010";"2560.43";"0.00";"IST";"PT";"1d 18h 7m";"-366.24"
"118";"USTEC_ICM_UTC2";"Buy";"4225.5";"4272.9";"2016.01.29 17:15:00";"2016.01.29 22:55:00";"30.0";"1422.00";"4143.00000";"4308.00000";"3982.43";"0.00";"IST";"End Of Friday (Time)";"5h 40m";"-0.00"
"119";"USTEC_ICM_UTC2";"Buy";"4273.0";"4190.5";"2016.02.01 18:00:00";"2016.02.02 21:27:00";"30.0";"-2658.12";"4190.50000";"4355.50000";"1324.31";"0.00";"IST";"SL";"1d 3h 27m";"-183.12"
"120";"USTEC_ICM_UTC2";"Buy";"4132.5";"4050.0";"2016.02.03 17:15:00";"2016.02.05 18:18:00";"30.0";"-2841.24";"4050.00000";"4215.00000";"-1516.93";"0.00";"IST";"SL";"2d 1h 3m";"-366.24"
"121";"USTEC_ICM_UTC2";"Buy";"4047.4";"4007.7";"2016.02.05 18:30:00";"2016.02.05 22:55:00";"30.0";"-1191.00";"3964.89990";"4129.89990";"-2707.93";"0.00";"IST";"End Of Friday (Time)";"4h 25m";"-0.00"
"122";"USTEC_ICM_UTC2";"Buy";"3907.5";"3990.0";"2016.02.08 18:15:00";"2016.02.09 16:54:00";"30.0";"2291.88";"3825.00000";"3990.00000";"-416.05";"0.00";"IST";"PT";"22h 39m";"-183.12"
"123";"USTEC_ICM_UTC2";"Buy";"3961.7";"4044.2";"2016.02.09 18:15:00";"2016.02.10 17:33:00";"30.0";"2291.88";"3879.19995";"4044.19995";"1875.83";"0.00";"IST";"PT";"23h 18m";"-183.12"
"124";"USTEC_ICM_UTC2";"Buy";"4019.6";"3937.1";"2016.02.10 17:45:00";"2016.02.11 10:09:00";"30.0";"-2658.12";"3937.10010";"4102.10010";"-782.29";"0.00";"IST";"SL";"16h 24m";"-183.12"
"125";"USTEC_ICM_UTC2";"Buy";"3955.8";"4016.7";"2016.02.11 17:15:00";"2016.02.12 22:55:00";"30.0";"1643.88";"3873.30005";"4038.30005";"861.59";"0.00";"IST";"End Of Friday (Time)";"1d 5h 40m";"-183.12"
"126";"USTEC_ICM_UTC2";"Buy";"4091.0";"4173.5";"2016.02.16 16:45:00";"2016.02.17 17:56:00";"30.0";"2291.88";"4008.50000";"4173.50000";"3153.47";"0.00";"IST";"PT";"1d 1h 11m";"-183.12"
"127";"USTEC_ICM_UTC2";"Buy";"4173.9";"4165.4";"2016.02.17 18:45:00";"2016.02.19 22:55:00";"30.0";"-621.24";"4091.39990";"4256.39990";"2532.23";"0.00";"IST";"End Of Friday (Time)";"2d 4h 10m";"-366.24"
"128";"USTEC_ICM_UTC2";"Buy";"4224.4";"4141.9";"2016.02.22 18:30:00";"2016.02.24 11:15:00";"30.0";"-2841.24";"4141.89990";"4306.89990";"-309.01";"0.00";"IST";"SL";"1d 16h 45m";"-366.24"
"129";"USTEC_ICM_UTC2";"Buy";"4144.0";"4226.5";"2016.02.24 20:15:00";"2016.02.25 22:41:00";"30.0";"2291.88";"4061.50000";"4226.50000";"1982.87";"0.00";"IST";"PT";"1d 2h 26m";"-183.12"
"130";"USTEC_ICM_UTC2";"Buy";"4230.1";"4239.1";"2016.02.25 22:45:00";"2016.02.26 22:55:00";"30.0";"86.88";"4147.60010";"4312.60010";"2069.75";"0.00";"IST";"End Of Friday (Time)";"1d 0h 10m";"-183.12"
"131";"USTEC_ICM_UTC2";"Buy";"4238.7";"4321.2";"2016.02.29 17:15:00";"2016.03.01 21:50:00";"30.0";"2291.88";"4156.20020";"4321.20020";"4361.63";"0.00";"IST";"PT";"1d 4h 35m";"-183.12"
"132";"USTEC_ICM_UTC2";"Buy";"4333.3";"4326.8";"2016.03.02 17:15:00";"2016.03.04 22:55:00";"30.0";"-561.24";"4250.79980";"4415.79980";"3800.39";"0.00";"IST";"End Of Friday (Time)";"2d 5h 40m";"-366.24"
"133";"USTEC_ICM_UTC2";"Buy";"4293.0";"4357.7";"2016.03.07 17:15:00";"2016.03.11 22:55:00";"30.0";"1208.52";"4210.50000";"4375.50000";"5008.91";"0.00";"IST";"End Of Friday (Time)";"4d 5h 40m";"-732.48"
"134";"USTEC_ICM_UTC2";"Buy";"4365.2";"4447.7";"2016.03.14 17:15:00";"2016.03.22 19:34:00";"30.0";"1010.04";"4282.70020";"4447.70020";"6018.95";"0.00";"IST";"PT";"8d 2h 19m";"-1464.96"
"135";"USTEC_ICM_UTC2";"Buy";"4437.6";"4520.1";"2016.03.22 21:30:00";"2016.04.01 21:11:00";"30.0";"643.80";"4355.10010";"4520.10010";"6662.75";"0.00";"IST";"PT";"9d 23h 41m";"-1831.20"
"136";"USTEC_ICM_UTC2";"Buy";"4522.9";"4526.5";"2016.04.01 22:15:00";"2016.04.01 22:55:00";"30.0";"108.00";"4440.39990";"4605.39990";"6770.75";"0.00";"IST";"End Of Friday (Time)";"40m 0s";"-0.00"
"137";"USTEC_ICM_UTC2";"Buy";"4525.8";"4469.5";"2016.04.04 17:15:00";"2016.04.08 22:55:00";"30.0";"-2421.48";"4443.29980";"4608.29980";"4349.27";"0.00";"IST";"End Of Friday (Time)";"4d 5h 40m";"-732.48"
"138";"USTEC_ICM_UTC2";"Buy";"4511.2";"4542.9";"2016.04.11 17:30:00";"2016.04.15 22:55:00";"30.0";"218.52";"4428.70020";"4593.70020";"4567.79";"0.00";"IST";"End Of Friday (Time)";"4d 5h 25m";"-732.48"
"139";"USTEC_ICM_UTC2";"Buy";"4529.8";"4447.3";"2016.04.18 16:30:00";"2016.04.22 17:43:00";"30.0";"-3207.48";"4447.29980";"4612.29980";"1360.31";"0.00";"IST";"SL";"4d 1h 13m";"-732.48"
"140";"USTEC_ICM_UTC2";"Buy";"4444.3";"4473.7";"2016.04.22 17:45:00";"2016.04.22 22:55:00";"30.0";"882.00";"4361.79980";"4526.79980";"2242.31";"0.00";"IST";"End Of Friday (Time)";"5h 10m";"-0.00"
"141";"USTEC_ICM_UTC2";"Buy";"4468.3";"4385.8";"2016.04.25 16:45:00";"2016.04.27 17:19:00";"30.0";"-2841.24";"4385.79980";"4550.79980";"-598.93";"0.00";"IST";"SL";"2d 0h 34m";"-366.24"
"142";"USTEC_ICM_UTC2";"Buy";"4389.9";"4307.4";"2016.04.27 18:00:00";"2016.04.29 18:46:00";"30.0";"-2841.24";"4307.39990";"4472.39990";"-3440.17";"0.00";"IST";"SL";"2d 0h 46m";"-366.24"
"143";"USTEC_ICM_UTC2";"Buy";"4316.8";"4340.2";"2016.04.29 21:45:00";"2016.04.29 22:55:00";"30.0";"702.00";"4234.29980";"4399.29980";"-2738.17";"0.00";"IST";"End Of Friday (Time)";"1h 10m";"-0.00"
"144";"USTEC_ICM_UTC2";"Buy";"4344.8";"4325.8";"2016.05.02 18:45:00";"2016.05.06 22:55:00";"30.0";"-1302.48";"4262.29980";"4427.29980";"-4040.65";"0.00";"IST";"End Of Friday (Time)";"4d 4h 10m";"-732.48"
"145";"USTEC_ICM_UTC2";"Buy";"4354.7";"4325.4";"2016.05.09 17:00:00";"2016.05.13 22:55:00";"30.0";"-1611.48";"4272.20020";"4437.20020";"-5652.13";"0.00";"IST";"End Of Friday (Time)";"4d 5h 55m";"-732.48"
"146";"USTEC_ICM_UTC2";"Buy";"4364.1";"4361.8";"2016.05.16 18:30:00";"2016.05.20 22:55:00";"30.0";"-801.48";"4281.60010";"4446.60010";"-6453.61";"0.00";"IST";"End Of Friday (Time)";"4d 4h 25m";"-732.48"
"147";"USTEC_ICM_UTC2";"Buy";"4377.3";"4459.8";"2016.05.23 18:15:00";"2016.05.25 09:21:00";"30.0";"2108.76";"4294.79980";"4459.79980";"-4344.85";"0.00";"IST";"PT";"1d 15h 6m";"-366.24"
"148";"USTEC_ICM_UTC2";"Buy";"4475.5";"4509.4";"2016.05.25 17:45:00";"2016.05.27 22:55:00";"30.0";"650.76";"4393.00000";"4558.00000";"-3694.09";"0.00";"IST";"End Of Friday (Time)";"2d 5h 10m";"-366.24"
"149";"USTEC_ICM_UTC2";"Buy";"4520.3";"4512.5";"2016.05.30 17:15:00";"2016.06.03 22:55:00";"30.0";"-966.48";"4437.79980";"4602.79980";"-4660.57";"0.00";"IST";"End Of Friday (Time)";"4d 5h 40m";"-732.48"
"150";"USTEC_ICM_UTC2";"Buy";"4520.6";"4458.3";"2016.06.06 17:15:00";"2016.06.10 22:55:00";"30.0";"-2601.48";"4438.10010";"4603.10010";"-7262.05";"0.00";"IST";"End Of Friday (Time)";"4d 5h 40m";"-732.48"
"151";"USTEC_ICM_UTC2";"Buy";"4447.9";"4365.4";"2016.06.13 17:15:00";"2016.06.16 17:24:00";"30.0";"-3024.36";"4365.39990";"4530.39990";"-10286.41";"0.00";"IST";"SL";"3d 0h 9m";"-549.36"
"152";"USTEC_ICM_UTC2";"Buy";"4381.8";"4371.9";"2016.06.16 18:30:00";"2016.06.17 22:55:00";"30.0";"-480.12";"4299.29980";"4464.29980";"-10766.53";"0.00";"IST";"End Of Friday (Time)";"1d 4h 25m";"-183.12"
"153";"USTEC_ICM_UTC2";"Buy";"4435.4";"4254.8";"2016.06.20 19:30:00";"2016.06.24 09:00:00";"30.0";"-6151.35";"4352.89990";"4517.89990";"-16917.88";"0.00";"IST";"SL";"3d 13h 30m";"-732.48"
"154";"USTEC_ICM_UTC2";"Buy";"4357.2";"4274.7";"2016.06.24 17:00:00";"2016.06.24 22:19:00";"30.0";"-2475.00";"4274.70020";"4439.70020";"-19392.88";"0.00";"IST";"SL";"5h 19m";"-0.00"
"155";"USTEC_ICM_UTC2";"Buy";"4205.6";"4288.1";"2016.06.27 17:30:00";"2016.06.28 22:13:00";"30.0";"2291.88";"4123.10010";"4288.10010";"-17101.00";"0.00";"IST";"PT";"1d 4h 43m";"-183.12"
"156";"USTEC_ICM_UTC2";"Buy";"4344.3";"4426.8";"2016.06.29 17:30:00";"2016.07.01 16:35:00";"30.0";"2108.76";"4261.79980";"4426.79980";"-14992.24";"0.00";"IST";"PT";"1d 23h 5m";"-366.24"
"157";"USTEC_ICM_UTC2";"Buy";"4444.1";"4439.8";"2016.07.01 18:45:00";"2016.07.01 22:55:00";"30.0";"-129.00";"4361.60010";"4526.60010";"-15121.24";"0.00";"IST";"End Of Friday (Time)";"4h 10m";"-0.00"
"158";"USTEC_ICM_UTC2";"Buy";"4443.9";"4526.4";"2016.07.04 19:15:00";"2016.07.08 21:31:00";"30.0";"1742.52";"4361.39990";"4526.39990";"-13378.72";"0.00";"IST";"PT";"4d 2h 16m";"-732.48"
"159";"USTEC_ICM_UTC2";"Buy";"4560.1";"4587.5";"2016.07.11 18:00:00";"2016.07.15 22:55:00";"30.0";"89.52";"4477.60010";"4642.60010";"-13289.20";"0.00";"IST";"End Of Friday (Time)";"4d 4h 55m";"-732.48"
"160";"USTEC_ICM_UTC2";"Buy";"4592.6";"4663.1";"2016.07.18 16:30:00";"2016.07.22 22:55:00";"30.0";"1382.52";"4510.10010";"4675.10010";"-11906.68";"0.00";"IST";"End Of Friday (Time)";"4d 6h 25m";"-732.48"
"161";"USTEC_ICM_UTC2";"Buy";"4658.5";"4741.0";"2016.07.25 18:15:00";"2016.07.29 18:38:00";"30.0";"1742.52";"4576.00000";"4741.00000";"-10164.16";"0.00";"IST";"PT";"4d 0h 23m";"-732.48"
"162";"USTEC_ICM_UTC2";"Buy";"4741.7";"4735.0";"2016.07.29 18:45:00";"2016.07.29 22:55:00";"30.0";"-201.00";"4659.20020";"4824.20020";"-10365.16";"0.00";"IST";"End Of Friday (Time)";"4h 10m";"-0.00"
"163";"USTEC_ICM_UTC2";"Buy";"4764.0";"4789.5";"2016.08.01 18:45:00";"2016.08.05 22:55:00";"30.0";"32.52";"4681.50000";"4846.50000";"-10332.64";"0.00";"IST";"End Of Friday (Time)";"4d 4h 10m";"-732.48"
"164";"USTEC_ICM_UTC2";"Buy";"4773.3";"4804.8";"2016.08.08 17:30:00";"2016.08.12 22:55:00";"30.0";"212.52";"4690.79980";"4855.79980";"-10120.12";"0.00";"IST";"End Of Friday (Time)";"4d 5h 25m";"-732.48"
"165";"USTEC_ICM_UTC2";"Buy";"4832.3";"4805.5";"2016.08.15 17:45:00";"2016.08.19 22:55:00";"30.0";"-1536.48";"4749.79980";"4914.79980";"-11656.60";"0.00";"IST";"End Of Friday (Time)";"4d 5h 10m";"-732.48"
"166";"USTEC_ICM_UTC2";"Buy";"4800.6";"4780.7";"2016.08.22 17:15:00";"2016.08.26 22:55:00";"30.0";"-1329.48";"4718.10010";"4883.10010";"-12986.08";"0.00";"IST";"End Of Friday (Time)";"4d 5h 40m";"-732.48"
"167";"USTEC_ICM_UTC2";"Buy";"4793.9";"4796.7";"2016.08.29 17:15:00";"2016.09.02 22:55:00";"30.0";"-648.48";"4711.39990";"4876.39990";"-13634.56";"0.00";"IST";"End Of Friday (Time)";"4d 5h 40m";"-732.48"
"168";"USTEC_ICM_UTC2";"Buy";"4802.7";"4720.2";"2016.09.06 17:30:00";"2016.09.09 19:49:00";"30.0";"-3024.36";"4720.20020";"4885.20020";"-16658.92";"0.00";"IST";"SL";"3d 2h 19m";"-549.36"
"169";"USTEC_ICM_UTC2";"Buy";"4725.7";"4692.6";"2016.09.09 20:00:00";"2016.09.09 22:55:00";"30.0";"-993.00";"4643.20020";"4808.20020";"-17651.92";"0.00";"IST";"End Of Friday (Time)";"2h 55m";"-0.00"
"170";"USTEC_ICM_UTC2";"Buy";"4656.9";"4739.4";"2016.09.12 16:30:00";"2016.09.12 19:54:00";"30.0";"2475.00";"4574.39990";"4739.39990";"-15176.92";"0.00";"IST";"PT";"3h 24m";"-0.00"
"171";"USTEC_ICM_UTC2";"Buy";"4714.2";"4796.7";"2016.09.13 18:15:00";"2016.09.15 18:00:00";"30.0";"2108.76";"4631.70020";"4796.70020";"-13068.16";"0.00";"IST";"PT";"1d 23h 45m";"-366.24"
"172";"USTEC_ICM_UTC2";"Buy";"4797.4";"4817.8";"2016.09.15 18:15:00";"2016.09.16 22:55:00";"30.0";"428.88";"4714.89990";"4879.89990";"-12639.28";"0.00";"IST";"End Of Friday (Time)";"1d 4h 40m";"-183.12"
"173";"USTEC_ICM_UTC2";"Buy";"4825.0";"4864.7";"2016.09.19 17:45:00";"2016.09.23 22:55:00";"30.0";"458.52";"4742.50000";"4907.50000";"-12180.76";"0.00";"IST";"End Of Friday (Time)";"4d 5h 10m";"-732.48"
"174";"USTEC_ICM_UTC2";"Buy";"4818.2";"4885.2";"2016.09.26 18:15:00";"2016.09.30 22:55:00";"30.0";"1277.52";"4735.70020";"4900.70020";"-10903.24";"0.00";"IST";"End Of Friday (Time)";"4d 4h 40m";"-732.48"
"175";"USTEC_ICM_UTC2";"Buy";"4854.7";"4867.2";"2016.10.03 20:45:00";"2016.10.07 22:55:00";"30.0";"-357.48";"4772.20020";"4937.20020";"-11260.72";"0.00";"IST";"End Of Friday (Time)";"4d 2h 10m";"-732.48"
"176";"USTEC_ICM_UTC2";"Buy";"4901.9";"4819.4";"2016.10.10 17:15:00";"2016.10.11 20:45:00";"30.0";"-2658.12";"4819.39990";"4984.39990";"-13918.84";"0.00";"IST";"SL";"1d 3h 30m";"-183.12"
"177";"USTEC_ICM_UTC2";"Buy";"4813.8";"4811.0";"2016.10.11 22:00:00";"2016.10.14 22:55:00";"30.0";"-633.36";"4731.29980";"4896.29980";"-14552.20";"0.00";"IST";"End Of Friday (Time)";"3d 0h 55m";"-549.36"
"178";"USTEC_ICM_UTC2";"Buy";"4807.8";"4851.5";"2016.10.17 16:30:00";"2016.10.21 22:55:00";"30.0";"578.52";"4725.29980";"4890.29980";"-13973.68";"0.00";"IST";"End Of Friday (Time)";"4d 6h 25m";"-732.48"
"179";"USTEC_ICM_UTC2";"Buy";"4895.3";"4812.8";"2016.10.24 17:15:00";"2016.10.28 10:00:00";"30.0";"-3207.48";"4812.79980";"4977.79980";"-17181.16";"0.00";"IST";"SL";"3d 16h 45m";"-732.48"
"180";"USTEC_ICM_UTC2";"Buy";"4822.7";"4802.8";"2016.10.28 16:30:00";"2016.10.28 22:55:00";"30.0";"-597.00";"4740.20020";"4905.20020";"-17778.16";"0.00";"IST";"End Of Friday (Time)";"6h 25m";"-0.00"
"181";"USTEC_ICM_UTC2";"Buy";"4819.2";"4736.7";"2016.10.31 16:30:00";"2016.11.01 20:09:00";"30.0";"-2658.12";"4736.70020";"4901.70020";"-20436.28";"0.00";"IST";"SL";"1d 3h 39m";"-183.12"
"182";"USTEC_ICM_UTC2";"Buy";"4735.2";"4817.7";"2016.11.01 20:15:00";"2016.11.08 19:19:00";"30.0";"1193.16";"4652.70020";"4817.70020";"-19243.12";"0.00";"IST";"PT";"6d 23h 4m";"-1281.84"
"183";"USTEC_ICM_UTC2";"Buy";"4816.5";"4594.8";"2016.11.08 19:45:00";"2016.11.09 09:00:00";"30.0";"-6834.09";"4734.00000";"4899.00000";"-26077.21";"0.00";"IST";"SL";"13h 15m";"-183.12"
"184";"USTEC_ICM_UTC2";"Buy";"4746.2";"4828.7";"2016.11.09 16:30:00";"2016.11.09 18:52:00";"30.0";"2475.00";"4663.70020";"4828.70020";"-23602.21";"0.00";"IST";"PT";"2h 22m";"-0.00"
"185";"USTEC_ICM_UTC2";"Buy";"4738.6";"4754.0";"2016.11.10 18:45:00";"2016.11.11 22:55:00";"30.0";"278.88";"4656.10010";"4821.10010";"-23323.33";"0.00";"IST";"End Of Friday (Time)";"1d 4h 10m";"-183.12"
"186";"USTEC_ICM_UTC2";"Buy";"4716.4";"4798.9";"2016.11.14 17:30:00";"2016.11.17 09:08:00";"30.0";"1925.64";"4633.89990";"4798.89990";"-21397.69";"0.00";"IST";"PT";"2d 15h 38m";"-549.36"
"187";"USTEC_ICM_UTC2";"Buy";"4799.9";"4809.5";"2016.11.17 17:15:00";"2016.11.18 22:55:00";"30.0";"104.88";"4717.39990";"4882.39990";"-21292.81";"0.00";"IST";"End Of Friday (Time)";"1d 5h 40m";"-183.12"
"188";"USTEC_ICM_UTC2";"Buy";"4845.7";"4763.2";"2016.11.21 17:15:00";"2016.12.01 17:31:00";"30.0";"-4306.20";"4763.20020";"4928.20020";"-25599.01";"0.00";"IST";"SL";"10d 0h 16m";"-1831.20"
"189";"USTEC_ICM_UTC2";"Buy";"4751.5";"4736.6";"2016.12.01 17:45:00";"2016.12.02 22:55:00";"30.0";"-630.12";"4669.00000";"4834.00000";"-26229.13";"0.00";"IST";"End Of Friday (Time)";"1d 5h 10m";"-183.12"
"190";"USTEC_ICM_UTC2";"Buy";"4783.8";"4866.3";"2016.12.05 18:30:00";"2016.12.08 18:08:00";"30.0";"1925.64";"4701.29980";"4866.29980";"-24303.49";"0.00";"IST";"PT";"2d 23h 38m";"-549.36"
"191";"USTEC_ICM_UTC2";"Buy";"4865.7";"4891.8";"2016.12.08 18:15:00";"2016.12.09 22:55:00";"30.0";"599.88";"4783.20020";"4948.20020";"-23703.61";"0.00";"IST";"End Of Friday (Time)";"1d 4h 40m";"-183.12"
"192";"USTEC_ICM_UTC2";"Buy";"4862.4";"4944.9";"2016.12.12 19:00:00";"2016.12.13 17:26:00";"30.0";"2291.88";"4779.89990";"4944.89990";"-21411.73";"0.00";"IST";"PT";"22h 26m";"-183.12"
"193";"USTEC_ICM_UTC2";"Buy";"4947.6";"4915.4";"2016.12.13 17:30:00";"2016.12.16 22:55:00";"30.0";"-1515.36";"4865.10010";"5030.10010";"-22927.09";"0.00";"IST";"End Of Friday (Time)";"3d 5h 25m";"-549.36"
"194";"USTEC_ICM_UTC2";"Buy";"4937.1";"4937.4";"2016.12.19 17:15:00";"2016.12.23 22:55:00";"30.0";"-723.48";"4854.60010";"5019.60010";"-23650.57";"0.00";"IST";"End Of Friday (Time)";"4d 5h 40m";"-732.48"
"195";"USTEC_ICM_UTC2";"Buy";"4985.3";"4902.8";"2016.12.27 17:15:00";"2016.12.29 18:52:00";"30.0";"-2841.24";"4902.79980";"5067.79980";"-26491.81";"0.00";"IST";"SL";"2d 1h 37m";"-366.24"
"196";"USTEC_ICM_UTC2";"Buy";"4910.9";"4853.4";"2016.12.29 19:30:00";"2016.12.30 22:55:00";"30.0";"-1908.12";"4828.39990";"4993.39990";"-28399.93";"0.00";"IST";"End Of Friday (Time)";"1d 3h 25m";"-183.12"
"197";"USTEC_ICM_UTC2";"Buy";"4920.3";"5002.8";"2017.01.03 17:15:00";"2017.01.06 18:49:00";"30.0";"1925.64";"4837.79980";"5002.79980";"-26474.29";"0.00";"IST";"PT";"3d 1h 34m";"-549.36"
"198";"USTEC_ICM_UTC2";"Buy";"5005.9";"5012.3";"2017.01.06 19:00:00";"2017.01.06 22:55:00";"30.0";"192.00";"4923.39990";"5088.39990";"-26282.29";"0.00";"IST";"End Of Friday (Time)";"3h 55m";"-0.00"
"199";"USTEC_ICM_UTC2";"Buy";"5019.6";"5057.8";"2017.01.09 17:00:00";"2017.01.13 22:55:00";"30.0";"413.52";"4937.10010";"5102.10010";"-25868.77";"0.00";"IST";"End Of Friday (Time)";"4d 5h 55m";"-732.48"
"200";"USTEC_ICM_UTC2";"Buy";"5044.2";"5057.9";"2017.01.17 16:30:00";"2017.01.20 22:55:00";"30.0";"-138.36";"4961.70020";"5126.70020";"-26007.13";"0.00";"IST";"End Of Friday (Time)";"3d 6h 25m";"-549.36"
"201";"USTEC_ICM_UTC2";"Buy";"5051.4";"5133.9";"2017.01.23 17:30:00";"2017.01.25 16:35:00";"30.0";"2108.76";"4968.89990";"5133.89990";"-23898.37";"0.00";"IST";"PT";"1d 23h 5m";"-366.24"
"202";"USTEC_ICM_UTC2";"Buy";"5135.1";"5163.8";"2017.01.25 17:00:00";"2017.01.27 22:55:00";"30.0";"494.76";"5052.60010";"5217.60010";"-23403.61";"0.00";"IST";"End Of Friday (Time)";"2d 5h 55m";"-366.24"
"203";"USTEC_ICM_UTC2";"Buy";"5149.4";"5160.6";"2017.01.30 16:30:00";"2017.02.03 22:55:00";"30.0";"-396.48";"5066.89990";"5231.89990";"-23800.09";"0.00";"IST";"End Of Friday (Time)";"4d 6h 25m";"-732.48"
"204";"USTEC_ICM_UTC2";"Buy";"5164.1";"5226.6";"2017.02.06 18:45:00";"2017.02.10 22:55:00";"30.0";"1142.52";"5081.60010";"5246.60010";"-22657.57";"0.00";"IST";"End Of Friday (Time)";"4d 4h 10m";"-732.48"
"205";"USTEC_ICM_UTC2";"Buy";"5247.7";"5318.6";"2017.02.13 16:45:00";"2017.02.17 22:55:00";"30.0";"1394.52";"5165.20020";"5330.20020";"-21263.05";"0.00";"IST";"End Of Friday (Time)";"4d 6h 10m";"-732.48"
"206";"USTEC_ICM_UTC2";"Buy";"5331.2";"5339.0";"2017.02.20 17:00:00";"2017.02.24 22:55:00";"30.0";"-498.48";"5248.70020";"5413.70020";"-21761.53";"0.00";"IST";"End Of Friday (Time)";"4d 5h 55m";"-732.48"
"207";"USTEC_ICM_UTC2";"Buy";"5334.4";"5371.3";"2017.02.27 19:00:00";"2017.03.03 22:55:00";"30.0";"374.52";"5251.89990";"5416.89990";"-21387.01";"0.00";"IST";"End Of Friday (Time)";"4d 3h 55m";"-732.48"
"208";"USTEC_ICM_UTC2";"Buy";"5351.9";"5384.3";"2017.03.06 17:00:00";"2017.03.10 22:55:00";"30.0";"239.52";"5269.39990";"5434.39990";"-21147.49";"0.00";"IST";"End Of Friday (Time)";"4d 5h 55m";"-732.48"
"209";"USTEC_ICM_UTC2";"Buy";"5386.1";"5442.1";"2017.03.13 16:30:00";"2017.03.31 22:55:00";"30.0";"-1616.16";"5303.60010";"5468.60010";"-22763.65";"0.00";"IST";"End Of Friday (Time)";"18d 6h 25m";"-3296.16"
"210";"USTEC_ICM_UTC2";"Buy";"5439.2";"5420.4";"2017.04.03 17:15:00";"2017.04.07 22:55:00";"30.0";"-1296.48";"5356.70020";"5521.70020";"-24060.13";"0.00";"IST";"End Of Friday (Time)";"4d 5h 40m";"-732.48"
"211";"USTEC_ICM_UTC2";"Buy";"5432.9";"5441.6";"2017.04.10 18:15:00";"2017.04.21 22:55:00";"30.0";"-1753.32";"5350.39990";"5515.39990";"-25813.45";"0.00";"IST";"End Of Friday (Time)";"11d 4h 40m";"-2014.32"
"212";"USTEC_ICM_UTC2";"Buy";"5505.7";"5589.0";"2017.04.24 17:15:00";"2017.04.28 09:00:00";"30.0";"1765.59";"5423.20020";"5588.20020";"-24047.86";"0.00";"IST";"PT";"3d 15h 45m";"-732.48"
"213";"USTEC_ICM_UTC2";"Buy";"5580.5";"5583.6";"2017.04.28 17:00:00";"2017.04.28 22:55:00";"30.0";"93.00";"5498.00000";"5663.00000";"-23954.86";"0.00";"IST";"End Of Friday (Time)";"5h 55m";"-0.00"
"214";"USTEC_ICM_UTC2";"Buy";"5603.9";"5642.8";"2017.05.01 17:15:00";"2017.05.05 22:55:00";"30.0";"434.52";"5521.39990";"5686.39990";"-23520.34";"0.00";"IST";"End Of Friday (Time)";"4d 5h 40m";"-732.48"
"215";"USTEC_ICM_UTC2";"Buy";"5641.9";"5682.1";"2017.05.08 17:15:00";"2017.05.12 22:55:00";"30.0";"473.52";"5559.39990";"5724.39990";"-23046.82";"0.00";"IST";"End Of Friday (Time)";"4d 5h 40m";"-732.48"
"216";"USTEC_ICM_UTC2";"Buy";"5702.9";"5620.4";"2017.05.15 18:15:00";"2017.05.17 18:03:00";"30.0";"-2841.24";"5620.39990";"5785.39990";"-25888.06";"0.00";"IST";"SL";"1d 23h 48m";"-366.24"
"217";"USTEC_ICM_UTC2";"Buy";"5605.4";"5650.2";"2017.05.17 22:15:00";"2017.05.19 22:55:00";"30.0";"977.76";"5522.89990";"5687.89990";"-24910.30";"0.00";"IST";"End Of Friday (Time)";"2d 0h 40m";"-366.24"
"218";"USTEC_ICM_UTC2";"Buy";"5682.0";"5764.5";"2017.05.22 17:45:00";"2017.05.25 17:31:00";"30.0";"1925.64";"5599.50000";"5764.50000";"-22984.66";"0.00";"IST";"PT";"2d 23h 46m";"-549.36"
"219";"USTEC_ICM_UTC2";"Buy";"5766.3";"5786.3";"2017.05.25 17:45:00";"2017.05.26 22:55:00";"30.0";"416.88";"5683.79980";"5848.79980";"-22567.78";"0.00";"IST";"End Of Friday (Time)";"1d 5h 10m";"-183.12"
"220";"USTEC_ICM_UTC2";"Buy";"5795.7";"5878.2";"2017.05.30 18:15:00";"2017.06.02 22:34:00";"30.0";"1925.64";"5713.20020";"5878.20020";"-20642.14";"0.00";"IST";"PT";"3d 4h 19m";"-549.36"
"221";"USTEC_ICM_UTC2";"Buy";"5889.3";"5806.8";"2017.06.05 17:45:00";"2017.06.09 20:10:00";"30.0";"-3207.48";"5806.79980";"5971.79980";"-23849.62";"0.00";"IST";"SL";"4d 2h 25m";"-732.48"
"222";"USTEC_ICM_UTC2";"Buy";"5794.4";"5711.9";"2017.06.09 20:15:00";"2017.06.09 21:46:00";"30.0";"-2475.00";"5711.89990";"5876.89990";"-26324.62";"0.00";"IST";"SL";"1h 31m";"-0.00"
"223";"USTEC_ICM_UTC2";"Buy";"5689.7";"5772.2";"2017.06.12 16:30:00";"2017.06.14 15:43:00";"30.0";"2108.76";"5607.20020";"5772.20020";"-24215.86";"0.00";"IST";"PT";"1d 23h 13m";"-366.24"
"224";"USTEC_ICM_UTC2";"Buy";"5766.8";"5684.3";"2017.06.14 17:00:00";"2017.06.14 22:11:00";"30.0";"-2475.00";"5684.29980";"5849.29980";"-26690.86";"0.00";"IST";"SL";"5h 11m";"-0.00"
"225";"USTEC_ICM_UTC2";"Buy";"5652.1";"5678.8";"2017.06.15 17:15:00";"2017.06.16 22:55:00";"30.0";"617.88";"5569.60010";"5734.60010";"-26072.98";"0.00";"IST";"End Of Friday (Time)";"1d 5h 40m";"-183.12"
"226";"USTEC_ICM_UTC2";"Buy";"5758.2";"5802.2";"2017.06.19 17:15:00";"2017.06.23 22:55:00";"30.0";"587.52";"5675.70020";"5840.70020";"-25485.46";"0.00";"IST";"End Of Friday (Time)";"4d 5h 40m";"-732.48"
"227";"USTEC_ICM_UTC2";"Buy";"5783.1";"5700.6";"2017.06.26 18:15:00";"2017.06.27 20:38:00";"30.0";"-2658.12";"5700.60010";"5865.60010";"-28143.58";"0.00";"IST";"SL";"1d 2h 23m";"-183.12"
"228";"USTEC_ICM_UTC2";"Buy";"5697.0";"5614.5";"2017.06.27 20:45:00";"2017.06.29 20:21:00";"30.0";"-2841.24";"5614.50000";"5779.50000";"-30984.82";"0.00";"IST";"SL";"1d 23h 36m";"-366.24"
"229";"USTEC_ICM_UTC2";"Buy";"5659.2";"5660.1";"2017.06.30 17:00:00";"2017.06.30 22:55:00";"30.0";"27.00";"5576.70020";"5741.70020";"-30957.82";"0.00";"IST";"End Of Friday (Time)";"5h 55m";"-0.00"
"230";"USTEC_ICM_UTC2";"Buy";"5666.2";"5569.7";"2017.07.03 17:15:00";"2017.07.04 09:00:00";"30.0";"-3079.02";"5583.70020";"5748.70020";"-34036.84";"0.00";"IST";"SL";"15h 45m";"-183.12"
"231";"USTEC_ICM_UTC2";"Buy";"5573.1";"5655.6";"2017.07.04 19:45:00";"2017.07.05 20:24:00";"30.0";"2291.88";"5490.60010";"5655.60010";"-31744.96";"0.00";"IST";"PT";"1d 0h 39m";"-183.12"
"232";"USTEC_ICM_UTC2";"Buy";"5661.1";"5578.6";"2017.07.05 21:45:00";"2017.07.06 17:08:00";"30.0";"-2658.12";"5578.60010";"5743.60010";"-34403.08";"0.00";"IST";"SL";"19h 23m";"-183.12"
"233";"USTEC_ICM_UTC2";"Buy";"5614.4";"5658.4";"2017.07.06 18:45:00";"2017.07.07 22:55:00";"30.0";"1136.88";"5531.89990";"5696.89990";"-33266.20";"0.00";"IST";"End Of Friday (Time)";"1d 4h 10m";"-183.12"
"234";"USTEC_ICM_UTC2";"Buy";"5682.9";"5765.4";"2017.07.10 18:15:00";"2017.07.12 17:27:00";"30.0";"2108.76";"5600.39990";"5765.39990";"-31157.44";"0.00";"IST";"PT";"1d 23h 12m";"-366.24"
"235";"USTEC_ICM_UTC2";"Buy";"5763.9";"5837.9";"2017.07.12 17:30:00";"2017.07.14 22:55:00";"30.0";"1853.76";"5681.39990";"5846.39990";"-29303.68";"0.00";"IST";"End Of Friday (Time)";"2d 5h 25m";"-366.24"
"236";"USTEC_ICM_UTC2";"Buy";"5855.2";"5915.5";"2017.07.17 17:15:00";"2017.07.21 22:55:00";"30.0";"1076.52";"5772.70020";"5937.70020";"-28227.16";"0.00";"IST";"End Of Friday (Time)";"4d 5h 40m";"-732.48"
"237";"USTEC_ICM_UTC2";"Buy";"5922.4";"5908.5";"2017.07.24 17:15:00";"2017.07.28 22:55:00";"30.0";"-1149.48";"5839.89990";"6004.89990";"-29376.64";"0.00";"IST";"End Of Friday (Time)";"4d 5h 40m";"-732.48"
"238";"USTEC_ICM_UTC2";"Buy";"5895.1";"5893.5";"2017.07.31 17:15:00";"2017.08.04 22:55:00";"30.0";"-780.48";"5812.60010";"5977.60010";"-30157.12";"0.00";"IST";"End Of Friday (Time)";"4d 5h 40m";"-732.48"
"239";"USTEC_ICM_UTC2";"Buy";"5912.7";"5830.2";"2017.08.07 17:15:00";"2017.08.10 17:08:00";"30.0";"-3024.36";"5830.20020";"5995.20020";"-33181.48";"0.00";"IST";"SL";"2d 23h 53m";"-549.36"
"240";"USTEC_ICM_UTC2";"Buy";"5852.6";"5770.1";"2017.08.10 17:45:00";"2017.08.11 11:15:00";"30.0";"-2658.12";"5770.10010";"5935.10010";"-35839.60";"0.00";"IST";"SL";"17h 30m";"-183.12"
"241";"USTEC_ICM_UTC2";"Buy";"5807.0";"5830.1";"2017.08.11 17:00:00";"2017.08.11 22:55:00";"30.0";"693.00";"5724.50000";"5889.50000";"-35146.60";"0.00";"IST";"End Of Friday (Time)";"5h 55m";"-0.00"
"242";"USTEC_ICM_UTC2";"Buy";"5885.6";"5803.1";"2017.08.14 17:00:00";"2017.08.17 22:18:00";"30.0";"-3024.36";"5803.10010";"5968.10010";"-38170.96";"0.00";"IST";"SL";"3d 5h 18m";"-549.36"
"243";"USTEC_ICM_UTC2";"Buy";"5790.2";"5793.9";"2017.08.18 16:45:00";"2017.08.18 22:55:00";"30.0";"111.00";"5707.70020";"5872.70020";"-38059.96";"0.00";"IST";"End Of Friday (Time)";"6h 10m";"-0.00"
"244";"USTEC_ICM_UTC2";"Buy";"5761.3";"5843.8";"2017.08.21 17:45:00";"2017.08.22 17:15:00";"30.0";"2291.88";"5678.79980";"5843.79980";"-35768.08";"0.00";"IST";"PT";"23h 30m";"-183.12"
"245";"USTEC_ICM_UTC2";"Buy";"5855.5";"5826.6";"2017.08.22 18:00:00";"2017.08.25 22:55:00";"30.0";"-1416.36";"5773.00000";"5938.00000";"-37184.44";"0.00";"IST";"End Of Friday (Time)";"3d 4h 55m";"-549.36"
"246";"USTEC_ICM_UTC2";"Buy";"5836.5";"5919.0";"2017.08.28 17:15:00";"2017.08.30 20:11:00";"30.0";"2108.76";"5754.00000";"5919.00000";"-35075.68";"0.00";"IST";"PT";"2d 2h 56m";"-366.24"
"247";"USTEC_ICM_UTC2";"Buy";"5938.9";"5990.4";"2017.08.30 21:30:00";"2017.09.01 22:55:00";"30.0";"1178.76";"5856.39990";"6021.39990";"-33896.92";"0.00";"IST";"End Of Friday (Time)";"2d 1h 25m";"-366.24"
"248";"USTEC_ICM_UTC2";"Buy";"5960.3";"5910.5";"2017.09.05 18:00:00";"2017.09.08 22:55:00";"30.0";"-2043.36";"5877.79980";"6042.79980";"-35940.28";"0.00";"IST";"End Of Friday (Time)";"3d 4h 55m";"-549.36"
"249";"USTEC_ICM_UTC2";"Buy";"5968.4";"5987.0";"2017.09.11 18:00:00";"2017.09.15 22:55:00";"30.0";"-174.48";"5885.89990";"6050.89990";"-36114.76";"0.00";"IST";"End Of Friday (Time)";"4d 4h 55m";"-732.48"
"250";"USTEC_ICM_UTC2";"Buy";"6007.1";"5924.6";"2017.09.18 17:15:00";"2017.09.21 17:22:00";"30.0";"-3024.36";"5924.60010";"6089.60010";"-39139.12";"0.00";"IST";"SL";"3d 0h 7m";"-549.36"
"251";"USTEC_ICM_UTC2";"Buy";"5922.9";"5934.2";"2017.09.21 17:30:00";"2017.09.22 22:55:00";"30.0";"155.88";"5840.39990";"6005.39990";"-38983.24";"0.00";"IST";"End Of Friday (Time)";"1d 5h 25m";"-183.12"
"252";"USTEC_ICM_UTC2";"Buy";"5893.0";"5975.5";"2017.09.25 16:45:00";"2017.09.29 19:42:00";"30.0";"1742.52";"5810.50000";"5975.50000";"-37240.72";"0.00";"IST";"PT";"4d 2h 57m";"-732.48"
"253";"USTEC_ICM_UTC2";"Buy";"5979.3";"5977.9";"2017.09.29 20:00:00";"2017.09.29 22:55:00";"30.0";"-42.00";"5896.79980";"6061.79980";"-37282.72";"0.00";"IST";"End Of Friday (Time)";"2h 55m";"-0.00"
"254";"USTEC_ICM_UTC2";"Buy";"5998.5";"6062.3";"2017.10.02 17:15:00";"2017.10.06 22:55:00";"30.0";"1181.52";"5916.00000";"6081.00000";"-36101.20";"0.00";"IST";"End Of Friday (Time)";"4d 5h 40m";"-732.48"
"255";"USTEC_ICM_UTC2";"Buy";"6072.1";"6091.6";"2017.10.09 17:15:00";"2017.10.13 22:55:00";"30.0";"-147.48";"5989.60010";"6154.60010";"-36248.68";"0.00";"IST";"End Of Friday (Time)";"4d 5h 40m";"-732.48"
"256";"USTEC_ICM_UTC2";"Buy";"6109.9";"6100.8";"2017.10.16 17:15:00";"2017.10.20 22:55:00";"30.0";"-1005.48";"6027.39990";"6192.39990";"-37254.16";"0.00";"IST";"End Of Friday (Time)";"4d 5h 40m";"-732.48"
"257";"USTEC_ICM_UTC2";"Buy";"6095.6";"6013.1";"2017.10.23 17:30:00";"2017.10.25 19:24:00";"30.0";"-2841.24";"6013.10010";"6178.10010";"-40095.40";"0.00";"IST";"SL";"2d 1h 54m";"-366.24"
"258";"USTEC_ICM_UTC2";"Buy";"6013.0";"6097.8";"2017.10.25 19:30:00";"2017.10.27 09:05:00";"30.0";"2176.83";"5930.50000";"6095.50000";"-37918.57";"0.00";"IST";"PT";"1d 13h 35m";"-366.24"
"259";"USTEC_ICM_UTC2";"Buy";"6170.9";"6216.9";"2017.10.27 17:15:00";"2017.10.27 22:55:00";"30.0";"1380.00";"6088.39990";"6253.39990";"-36538.57";"0.00";"IST";"End Of Friday (Time)";"5h 40m";"-0.00"
"260";"USTEC_ICM_UTC2";"Buy";"6247.4";"6329.9";"2017.10.30 16:30:00";"2017.11.08 18:03:00";"30.0";"826.92";"6164.89990";"6329.89990";"-35711.65";"0.00";"IST";"PT";"9d 1h 33m";"-1648.08"
"261";"USTEC_ICM_UTC2";"Buy";"6328.0";"6309.6";"2017.11.08 18:45:00";"2017.11.10 22:55:00";"30.0";"-918.24";"6245.50000";"6410.50000";"-36629.89";"0.00";"IST";"End Of Friday (Time)";"2d 4h 10m";"-366.24"
"262";"USTEC_ICM_UTC2";"Buy";"6314.0";"6231.5";"2017.11.13 18:15:00";"2017.11.15 16:39:00";"30.0";"-2841.24";"6231.50000";"6396.50000";"-39471.13";"0.00";"IST";"SL";"1d 22h 24m";"-366.24"
"263";"USTEC_ICM_UTC2";"Buy";"6233.9";"6316.4";"2017.11.15 16:45:00";"2017.11.16 17:26:00";"30.0";"2291.88";"6151.39990";"6316.39990";"-37179.25";"0.00";"IST";"PT";"1d 0h 41m";"-183.12"
"264";"USTEC_ICM_UTC2";"Buy";"6329.8";"6315.6";"2017.11.16 18:15:00";"2017.11.17 22:55:00";"30.0";"-609.12";"6247.29980";"6412.29980";"-37788.37";"0.00";"IST";"End Of Friday (Time)";"1d 4h 40m";"-183.12"
"265";"USTEC_ICM_UTC2";"Buy";"6314.1";"6396.6";"2017.11.20 17:15:00";"2017.11.24 17:33:00";"30.0";"1742.52";"6231.60010";"6396.60010";"-36045.85";"0.00";"IST";"PT";"4d 0h 18m";"-732.48"
"266";"USTEC_ICM_UTC2";"Buy";"6398.7";"6316.2";"2017.11.24 17:45:00";"2017.11.29 17:57:00";"30.0";"-3390.60";"6316.20020";"6481.20020";"-39436.45";"0.00";"IST";"SL";"5d 0h 12m";"-915.60"
"267";"USTEC_ICM_UTC2";"Buy";"6313.4";"6337.8";"2017.11.29 18:30:00";"2017.12.01 22:55:00";"30.0";"365.76";"6230.89990";"6395.89990";"-39070.69";"0.00";"IST";"End Of Friday (Time)";"2d 4h 25m";"-366.24"
"268";"USTEC_ICM_UTC2";"Buy";"6283.4";"6365.9";"2017.12.04 18:00:00";"2017.12.08 16:32:00";"30.0";"1742.52";"6200.89990";"6365.89990";"-37328.17";"0.00";"IST";"PT";"3d 22h 32m";"-732.48"
"269";"USTEC_ICM_UTC2";"Buy";"6371.2";"6339.2";"2017.12.08 17:15:00";"2017.12.08 22:55:00";"30.0";"-960.00";"6288.70020";"6453.70020";"-38288.17";"0.00";"IST";"End Of Friday (Time)";"5h 40m";"-0.00"
"270";"USTEC_ICM_UTC2";"Buy";"6362.0";"6444.5";"2017.12.11 18:00:00";"2017.12.15 18:55:00";"30.0";"1742.52";"6279.50000";"6444.50000";"-36545.65";"0.00";"IST";"PT";"4d 0h 55m";"-732.48"
"271";"USTEC_ICM_UTC2";"Buy";"6446.6";"6458.9";"2017.12.15 19:00:00";"2017.12.15 22:55:00";"30.0";"369.00";"6364.10010";"6529.10010";"-36176.65";"0.00";"IST";"End Of Friday (Time)";"3h 55m";"-0.00"
"272";"USTEC_ICM_UTC2";"Buy";"6510.4";"6467.4";"2017.12.18 17:15:00";"2017.12.22 22:55:00";"30.0";"-2022.48";"6427.89990";"6592.89990";"-38199.13";"0.00";"IST";"End Of Friday (Time)";"4d 5h 40m";"-732.48"
"273";"USTEC_ICM_UTC2";"Buy";"6430.6";"6399.3";"2017.12.26 18:30:00";"2017.12.29 22:55:00";"30.0";"-1488.36";"6348.10010";"6513.10010";"-39687.49";"0.00";"IST";"End Of Friday (Time)";"3d 4h 25m";"-549.36"
"274";"USTEC_ICM_UTC2";"Buy";"6432.9";"6515.4";"2018.01.02 16:30:00";"2018.01.03 09:05:00";"30.0";"2291.88";"6350.39990";"6515.39990";"-37395.61";"0.00";"IST";"PT";"16h 35m";"-183.12"
"275";"USTEC_ICM_UTC2";"Buy";"6562.8";"6645.3";"2018.01.03 18:00:00";"2018.01.05 20:44:00";"30.0";"2108.76";"6480.29980";"6645.29980";"-35286.85";"0.00";"IST";"PT";"2d 2h 44m";"-366.24"
"276";"USTEC_ICM_UTC2";"Buy";"6676.3";"6758.8";"2018.01.08 18:15:00";"2018.01.12 21:18:00";"30.0";"1742.52";"6593.79980";"6758.79980";"-33544.33";"0.00";"IST";"PT";"4d 3h 3m";"-732.48"
"277";"USTEC_ICM_UTC2";"Buy";"6754.7";"6760.7";"2018.01.12 22:45:00";"2018.01.12 22:55:00";"30.0";"180.00";"6672.20020";"6837.20020";"-33364.33";"0.00";"IST";"End Of Friday (Time)";"10m 0s";"-0.00"
"278";"USTEC_ICM_UTC2";"Buy";"6787.2";"6831.0";"2018.01.16 18:15:00";"2018.01.19 22:55:00";"30.0";"764.64";"6704.70020";"6869.70020";"-32599.69";"0.00";"IST";"End Of Friday (Time)";"3d 4h 40m";"-549.36"
"279";"USTEC_ICM_UTC2";"Buy";"6858.4";"6940.9";"2018.01.22 17:15:00";"2018.01.23 09:50:00";"30.0";"2291.88";"6775.89990";"6940.89990";"-30307.81";"0.00";"IST";"PT";"16h 35m";"-183.12"
"280";"USTEC_ICM_UTC2";"Buy";"6962.9";"6880.4";"2018.01.23 18:00:00";"2018.01.24 20:18:00";"30.0";"-2658.12";"6880.39990";"7045.39990";"-32965.93";"0.00";"IST";"SL";"1d 2h 18m";"-183.12"
"281";"USTEC_ICM_UTC2";"Buy";"6904.6";"6987.1";"2018.01.24 20:30:00";"2018.01.26 21:02:00";"30.0";"2108.76";"6822.10010";"6987.10010";"-30857.17";"0.00";"IST";"PT";"2d 0h 32m";"-366.24"
"282";"USTEC_ICM_UTC2";"Buy";"6988.3";"7014.2";"2018.01.26 22:00:00";"2018.01.26 22:55:00";"30.0";"777.00";"6905.79980";"7070.79980";"-30080.17";"0.00";"IST";"End Of Friday (Time)";"55m 0s";"-0.00"
"283";"USTEC_ICM_UTC2";"Buy";"7001.1";"6918.6";"2018.01.29 17:30:00";"2018.01.30 16:24:00";"30.0";"-2658.12";"6918.60010";"7083.60010";"-32738.29";"0.00";"IST";"SL";"22h 54m";"-183.12"
"284";"USTEC_ICM_UTC2";"Buy";"6906.2";"6823.7";"2018.01.30 17:15:00";"2018.02.02 16:55:00";"30.0";"-3024.36";"6823.70020";"6988.70020";"-35762.65";"0.00";"IST";"SL";"2d 23h 40m";"-549.36"
"285";"USTEC_ICM_UTC2";"Buy";"6829.2";"6746.7";"2018.02.02 17:15:00";"2018.02.05 09:23:00";"30.0";"-3024.36";"6746.70020";"6911.70020";"-38787.01";"0.00";"IST";"SL";"2d 16h 8m";"-549.36"
"286";"USTEC_ICM_UTC2";"Buy";"6762.8";"6680.3";"2018.02.05 18:30:00";"2018.02.05 21:22:00";"30.0";"-2475.00";"6680.29980";"6845.29980";"-41262.01";"0.00";"IST";"SL";"2h 52m";"-0.00"
"287";"USTEC_ICM_UTC2";"Buy";"6479.6";"6562.1";"2018.02.06 17:30:00";"2018.02.06 19:29:00";"30.0";"2475.00";"6397.10010";"6562.10010";"-38787.01";"0.00";"IST";"PT";"1h 59m";"-0.00"
"288";"USTEC_ICM_UTC2";"Buy";"6690.5";"6608.0";"2018.02.07 18:00:00";"2018.02.07 20:07:00";"30.0";"-2475.00";"6608.00000";"6773.00000";"-41262.01";"0.00";"IST";"SL";"2h 7m";"-0.00"
"289";"USTEC_ICM_UTC2";"Buy";"6572.6";"6490.1";"2018.02.08 17:15:00";"2018.02.08 17:54:00";"30.0";"-2475.00";"6490.10010";"6655.10010";"-43737.01";"0.00";"IST";"SL";"39m 0s";"-0.00"
"290";"USTEC_ICM_UTC2";"Buy";"6360.3";"6277.8";"2018.02.09 17:15:00";"2018.02.09 19:00:00";"30.0";"-2475.00";"6277.79980";"6442.79980";"-46212.01";"0.00";"IST";"SL";"1h 45m";"-0.00"
"291";"USTEC_ICM_UTC2";"Buy";"6448.3";"6531.2";"2018.02.12 17:30:00";"2018.02.12 19:15:00";"30.0";"2485.80";"6365.79980";"6530.79980";"-43726.21";"0.00";"IST";"PT";"1h 45m";"-0.00"
"292";"USTEC_ICM_UTC2";"Buy";"6602.1";"6684.6";"2018.02.14 17:30:00";"2018.02.14 22:47:00";"30.0";"2475.00";"6519.60010";"6684.60010";"-41251.21";"0.00";"IST";"PT";"5h 17m";"-0.00"
"293";"USTEC_ICM_UTC2";"Buy";"6745.4";"6827.9";"2018.02.15 17:30:00";"2018.02.16 09:15:00";"30.0";"2291.88";"6662.89990";"6827.89990";"-38959.33";"0.00";"IST";"PT";"15h 45m";"-183.12"
"294";"USTEC_ICM_UTC2";"Buy";"6800.3";"6785.2";"2018.02.16 17:00:00";"2018.02.16 22:55:00";"30.0";"-453.00";"6717.79980";"6882.79980";"-39412.33";"0.00";"IST";"End Of Friday (Time)";"5h 55m";"-0.00"
"295";"USTEC_ICM_UTC2";"Buy";"6769.8";"6852.3";"2018.02.19 18:30:00";"2018.02.21 18:31:00";"30.0";"2108.76";"6687.29980";"6852.29980";"-37303.57";"0.00";"IST";"PT";"2d 0h 1m";"-366.24"
"296";"USTEC_ICM_UTC2";"Buy";"6840.3";"6724.6";"2018.02.21 19:00:00";"2018.02.22 09:05:00";"30.0";"-3655.35";"6757.79980";"6922.79980";"-40958.92";"0.00";"IST";"SL";"14h 5m";"-183.12"
"297";"USTEC_ICM_UTC2";"Buy";"6792.8";"6875.3";"2018.02.22 17:15:00";"2018.02.23 21:55:00";"30.0";"2291.88";"6710.29980";"6875.29980";"-38667.04";"0.00";"IST";"PT";"1d 4h 40m";"-183.12"
"298";"USTEC_ICM_UTC2";"Buy";"6889.7";"6888.3";"2018.02.23 22:30:00";"2018.02.23 22:55:00";"30.0";"-42.00";"6807.20020";"6972.20020";"-38709.04";"0.00";"IST";"End Of Friday (Time)";"25m 0s";"-0.00"
"299";"USTEC_ICM_UTC2";"Buy";"6952.8";"6870.3";"2018.02.26 18:15:00";"2018.02.28 22:50:00";"30.0";"-2841.24";"6870.29980";"7035.29980";"-41550.28";"0.00";"IST";"SL";"2d 4h 35m";"-366.24"
"300";"USTEC_ICM_UTC2";"Buy";"6833.9";"6751.4";"2018.03.01 17:15:00";"2018.03.01 20:44:00";"30.0";"-2475.00";"6751.39990";"6916.39990";"-44025.28";"0.00";"IST";"SL";"3h 29m";"-0.00"
"301";"USTEC_ICM_UTC2";"Buy";"6735.8";"6811.9";"2018.03.02 18:45:00";"2018.03.02 22:55:00";"30.0";"2283.00";"6653.29980";"6818.29980";"-41742.28";"0.00";"IST";"End Of Friday (Time)";"4h 10m";"-0.00"
"302";"USTEC_ICM_UTC2";"Buy";"6804.0";"6886.5";"2018.03.05 17:45:00";"2018.03.05 20:03:00";"30.0";"2475.00";"6721.50000";"6886.50000";"-39267.28";"0.00";"IST";"PT";"2h 18m";"-0.00"
"303";"USTEC_ICM_UTC2";"Buy";"6878.7";"6961.2";"2018.03.06 18:30:00";"2018.03.08 14:24:00";"30.0";"2108.76";"6796.20020";"6961.20020";"-37158.52";"0.00";"IST";"PT";"1d 19h 54m";"-366.24"
"304";"USTEC_ICM_UTC2";"Buy";"6966.3";"7048.8";"2018.03.08 18:15:00";"2018.03.09 17:38:00";"30.0";"2291.88";"6883.79980";"7048.79980";"-34866.64";"0.00";"IST";"PT";"23h 23m";"-183.12"
"305";"USTEC_ICM_UTC2";"Buy";"7052.8";"7091.0";"2018.03.09 17:45:00";"2018.03.09 22:55:00";"30.0";"1146.00";"6970.29980";"7135.29980";"-33720.64";"0.00";"IST";"End Of Friday (Time)";"5h 10m";"-0.00"
"306";"USTEC_ICM_UTC2";"Buy";"7111.4";"7028.9";"2018.03.12 17:30:00";"2018.03.13 21:38:00";"30.0";"-2658.12";"7028.89990";"7193.89990";"-36378.76";"0.00";"IST";"SL";"1d 4h 8m";"-183.12"
"307";"USTEC_ICM_UTC2";"Buy";"7024.8";"6942.3";"2018.03.14 18:00:00";"2018.03.19 10:20:00";"30.0";"-3390.60";"6942.29980";"7107.29980";"-39769.36";"0.00";"IST";"SL";"4d 16h 20m";"-915.60"
"308";"USTEC_ICM_UTC2";"Buy";"6929.6";"6847.1";"2018.03.19 16:30:00";"2018.03.19 17:44:00";"30.0";"-2475.00";"6847.10010";"7012.10010";"-42244.36";"0.00";"IST";"SL";"1h 14m";"-0.00"
"309";"USTEC_ICM_UTC2";"Buy";"6878.6";"6796.1";"2018.03.20 19:00:00";"2018.03.22 09:59:00";"30.0";"-2841.24";"6796.10010";"6961.10010";"-45085.60";"0.00";"IST";"SL";"1d 14h 59m";"-366.24"
"310";"USTEC_ICM_UTC2";"Buy";"6786.3";"6703.8";"2018.03.22 16:30:00";"2018.03.22 17:42:00";"30.0";"-2475.00";"6703.79980";"6868.79980";"-47560.60";"0.00";"IST";"SL";"1h 12m";"-0.00"
"311";"USTEC_ICM_UTC2";"Buy";"6699.5";"6617.0";"2018.03.23 17:00:00";"2018.03.23 17:59:00";"30.0";"-2475.00";"6617.00000";"6782.00000";"-50035.60";"0.00";"IST";"SL";"59m 0s";"-0.00"
"312";"USTEC_ICM_UTC2";"Buy";"6610.0";"6692.5";"2018.03.26 17:45:00";"2018.03.26 21:28:00";"30.0";"2475.00";"6527.50000";"6692.50000";"-47560.60";"0.00";"IST";"PT";"3h 43m";"-0.00"
"313";"USTEC_ICM_UTC2";"Buy";"6754.5";"6672.0";"2018.03.27 17:15:00";"2018.03.27 20:52:00";"30.0";"-2475.00";"6672.00000";"6837.00000";"-50035.60";"0.00";"IST";"SL";"3h 37m";"-0.00"
"314";"USTEC_ICM_UTC2";"Buy";"6497.5";"6415.0";"2018.03.28 16:30:00";"2018.03.28 17:47:00";"30.0";"-2475.00";"6415.00000";"6580.00000";"-52510.60";"0.00";"IST";"SL";"1h 17m";"-0.00"
"315";"USTEC_ICM_UTC2";"Buy";"6476.3";"6558.8";"2018.03.29 17:30:00";"2018.03.29 18:07:00";"30.0";"2475.00";"6393.79980";"6558.79980";"-50035.60";"0.00";"IST";"PT";"37m 0s";"-0.00"
"316";"USTEC_ICM_UTC2";"Buy";"6415.8";"6333.3";"2018.04.02 18:15:00";"2018.04.02 21:02:00";"30.0";"-2475.00";"6333.29980";"6498.29980";"-52510.60";"0.00";"IST";"SL";"2h 47m";"-0.00"
"317";"USTEC_ICM_UTC2";"Buy";"6364.8";"6447.3";"2018.04.03 17:15:00";"2018.04.03 18:02:00";"30.0";"2475.00";"6282.29980";"6447.29980";"-50035.60";"0.00";"IST";"PT";"47m 0s";"-0.00"
"318";"USTEC_ICM_UTC2";"Buy";"6398.5";"6481.0";"2018.04.04 18:15:00";"2018.04.04 19:12:00";"30.0";"2475.00";"6316.00000";"6481.00000";"-47560.60";"0.00";"IST";"PT";"57m 0s";"-0.00"
"319";"USTEC_ICM_UTC2";"Buy";"6619.0";"6510.8";"2018.04.05 18:30:00";"2018.04.06 09:05:00";"30.0";"-3430.02";"6536.50000";"6701.50000";"-50990.62";"0.00";"IST";"SL";"14h 35m";"-183.12"
"320";"USTEC_ICM_UTC2";"Buy";"6524.9";"6442.4";"2018.04.06 18:15:00";"2018.04.06 21:25:00";"30.0";"-2475.00";"6442.39990";"6607.39990";"-53465.62";"0.00";"IST";"SL";"3h 10m";"-0.00"
"321";"USTEC_ICM_UTC2";"Buy";"6585.3";"6502.8";"2018.04.09 19:45:00";"2018.04.09 22:34:00";"30.0";"-2475.00";"6502.79980";"6667.79980";"-55940.62";"0.00";"IST";"SL";"2h 49m";"-0.00"
"322";"USTEC_ICM_UTC2";"Buy";"6585.4";"6667.9";"2018.04.10 18:00:00";"2018.04.12 17:00:00";"30.0";"2108.76";"6502.89990";"6667.89990";"-53831.86";"0.00";"IST";"PT";"1d 23h 0m";"-366.24"
"323";"USTEC_ICM_UTC2";"Buy";"6667.4";"6632.4";"2018.04.12 18:30:00";"2018.04.13 22:55:00";"30.0";"-1233.12";"6584.89990";"6749.89990";"-55064.98";"0.00";"IST";"End Of Friday (Time)";"1d 4h 25m";"-183.12"
"324";"USTEC_ICM_UTC2";"Buy";"6671.6";"6754.1";"2018.04.16 17:30:00";"2018.04.17 16:40:00";"30.0";"2291.88";"6589.10010";"6754.10010";"-52773.10";"0.00";"IST";"PT";"23h 10m";"-183.12"
"325";"USTEC_ICM_UTC2";"Buy";"6765.7";"6848.2";"2018.04.17 17:15:00";"2018.04.18 19:19:00";"30.0";"2291.88";"6683.20020";"6848.20020";"-50481.22";"0.00";"IST";"PT";"1d 2h 4m";"-183.12"
"326";"USTEC_ICM_UTC2";"Buy";"6838.9";"6756.4";"2018.04.18 19:45:00";"2018.04.19 18:59:00";"30.0";"-2658.12";"6756.39990";"6921.39990";"-53139.34";"0.00";"IST";"SL";"23h 14m";"-183.12"
"327";"USTEC_ICM_UTC2";"Buy";"6765.9";"6683.4";"2018.04.19 19:45:00";"2018.04.20 18:10:00";"30.0";"-2658.12";"6683.39990";"6848.39990";"-55797.46";"0.00";"IST";"SL";"22h 25m";"-183.12"
"328";"USTEC_ICM_UTC2";"Buy";"6670.4";"6662.9";"2018.04.20 18:30:00";"2018.04.20 22:55:00";"30.0";"-225.00";"6587.89990";"6752.89990";"-56022.46";"0.00";"IST";"End Of Friday (Time)";"4h 25m";"-0.00"
"329";"USTEC_ICM_UTC2";"Buy";"6670.3";"6587.8";"2018.04.23 17:15:00";"2018.04.24 18:01:00";"30.0";"-2658.12";"6587.79980";"6752.79980";"-58680.58";"0.00";"IST";"SL";"1d 0h 46m";"-183.12"
"330";"USTEC_ICM_UTC2";"Buy";"6603.9";"6521.4";"2018.04.24 18:45:00";"2018.04.24 19:35:00";"30.0";"-2475.00";"6521.39990";"6686.39990";"-61155.58";"0.00";"IST";"SL";"50m 0s";"-0.00"
"331";"USTEC_ICM_UTC2";"Buy";"6520.2";"6437.7";"2018.04.25 16:30:00";"2018.04.25 17:01:00";"30.0";"-2475.00";"6437.70020";"6602.70020";"-63630.58";"0.00";"IST";"SL";"31m 0s";"-0.00"
"332";"USTEC_ICM_UTC2";"Buy";"6600.2";"6682.7";"2018.04.26 16:30:00";"2018.04.26 23:02:00";"30.0";"2475.00";"6517.70020";"6682.70020";"-61155.58";"0.00";"IST";"PT";"6h 32m";"-0.00"
"333";"USTEC_ICM_UTC2";"Buy";"6676.6";"6659.7";"2018.04.27 17:00:00";"2018.04.27 22:55:00";"30.0";"-507.00";"6594.10010";"6759.10010";"-61662.58";"0.00";"IST";"End Of Friday (Time)";"5h 55m";"-0.00"
"334";"USTEC_ICM_UTC2";"Buy";"6672.9";"6590.4";"2018.04.30 18:30:00";"2018.04.30 19:18:00";"30.0";"-2475.00";"6590.39990";"6755.39990";"-64137.58";"0.00";"IST";"SL";"48m 0s";"-0.00"
"335";"USTEC_ICM_UTC2";"Buy";"6612.4";"6710.0";"2018.05.01 18:30:00";"2018.05.02 01:00:00";"30.0";"2743.95";"6529.89990";"6694.89990";"-61393.63";"0.00";"IST";"PT";"6h 30m";"-183.12"
"336";"USTEC_ICM_UTC2";"Buy";"6701.8";"6619.3";"2018.05.02 17:15:00";"2018.05.03 14:51:00";"30.0";"-2658.12";"6619.29980";"6784.29980";"-64051.75";"0.00";"IST";"SL";"21h 36m";"-183.12"
"337";"USTEC_ICM_UTC2";"Buy";"6612.4";"6694.9";"2018.05.03 16:30:00";"2018.05.04 17:26:00";"30.0";"2291.88";"6529.89990";"6694.89990";"-61759.88";"0.00";"IST";"PT";"1d 0h 56m";"-183.12"
"338";"USTEC_ICM_UTC2";"Buy";"6727.1";"6761.4";"2018.05.04 18:00:00";"2018.05.04 22:55:00";"30.0";"1029.00";"6644.60010";"6809.60010";"-60730.88";"0.00";"IST";"End Of Friday (Time)";"4h 55m";"-0.00"
"339";"USTEC_ICM_UTC2";"Buy";"6837.3";"6919.8";"2018.05.07 18:15:00";"2018.05.10 16:36:00";"30.0";"1925.64";"6754.79980";"6919.79980";"-58805.23";"0.00";"IST";"PT";"2d 22h 21m";"-549.36"
"340";"USTEC_ICM_UTC2";"Buy";"6923.6";"6944.8";"2018.05.10 17:15:00";"2018.05.11 22:55:00";"30.0";"452.88";"6841.10010";"7006.10010";"-58352.36";"0.00";"IST";"End Of Friday (Time)";"1d 5h 40m";"-183.12"
"341";"USTEC_ICM_UTC2";"Buy";"6997.3";"6914.8";"2018.05.14 18:15:00";"2018.05.15 15:48:00";"30.0";"-2658.12";"6914.79980";"7079.79980";"-61010.47";"0.00";"IST";"SL";"21h 33m";"-183.12"
"342";"USTEC_ICM_UTC2";"Buy";"6908.3";"6869.6";"2018.05.15 16:30:00";"2018.05.18 22:55:00";"30.0";"-1710.36";"6825.79980";"6990.79980";"-62720.84";"0.00";"IST";"End Of Friday (Time)";"3d 6h 25m";"-549.36"
"343";"USTEC_ICM_UTC2";"Buy";"6938.3";"6855.8";"2018.05.21 17:15:00";"2018.05.23 10:24:00";"30.0";"-2841.24";"6855.79980";"7020.79980";"-65562.07";"0.00";"IST";"SL";"1d 17h 9m";"-366.24"
"344";"USTEC_ICM_UTC2";"Buy";"6871.2";"6953.7";"2018.05.23 17:45:00";"2018.05.23 23:00:00";"30.0";"2475.00";"6788.70020";"6953.70020";"-63087.07";"0.00";"IST";"PT";"5h 15m";"-0.00"
"345";"USTEC_ICM_UTC2";"Buy";"6905.7";"6988.2";"2018.05.24 18:15:00";"2018.05.25 04:33:00";"30.0";"2291.88";"6823.20020";"6988.20020";"-60795.20";"0.00";"IST";"PT";"10h 18m";"-183.12"
"346";"USTEC_ICM_UTC2";"Buy";"6974.8";"6960.3";"2018.05.25 18:30:00";"2018.05.25 22:55:00";"30.0";"-435.00";"6892.29980";"7057.29980";"-61230.20";"0.00";"IST";"End Of Friday (Time)";"4h 25m";"-0.00"
"347";"USTEC_ICM_UTC2";"Buy";"6977.2";"6894.7";"2018.05.28 17:15:00";"2018.05.29 11:32:00";"30.0";"-2658.12";"6894.70020";"7059.70020";"-63888.31";"0.00";"IST";"SL";"18h 17m";"-183.12"
"348";"USTEC_ICM_UTC2";"Buy";"6950.9";"7033.4";"2018.05.29 17:30:00";"2018.06.01 16:57:00";"30.0";"1925.64";"6868.39990";"7033.39990";"-61962.68";"0.00";"IST";"PT";"2d 23h 27m";"-549.36"
"349";"USTEC_ICM_UTC2";"Buy";"7048.2";"7078.0";"2018.06.01 17:30:00";"2018.06.01 22:55:00";"30.0";"894.00";"6965.70020";"7130.70020";"-61068.68";"0.00";"IST";"End Of Friday (Time)";"5h 25m";"-0.00"
"350";"USTEC_ICM_UTC2";"Buy";"7121.6";"7204.1";"2018.06.04 18:00:00";"2018.06.06 22:50:00";"30.0";"2108.76";"7039.10010";"7204.10010";"-58959.91";"0.00";"IST";"PT";"2d 4h 50m";"-366.24"
"351";"USTEC_ICM_UTC2";"Buy";"7174.6";"7092.1";"2018.06.07 17:15:00";"2018.06.08 11:07:00";"30.0";"-2658.12";"7092.10010";"7257.10010";"-61618.04";"0.00";"IST";"SL";"17h 52m";"-183.12"
"352";"USTEC_ICM_UTC2";"Buy";"7126.1";"7155.5";"2018.06.08 17:15:00";"2018.06.08 22:55:00";"30.0";"882.00";"7043.60010";"7208.60010";"-60736.04";"0.00";"IST";"End Of Friday (Time)";"5h 40m";"-0.00"
"353";"USTEC_ICM_UTC2";"Buy";"7162.2";"7244.7";"2018.06.11 18:15:00";"2018.06.13 17:36:00";"30.0";"2108.76";"7079.70020";"7244.70020";"-58627.27";"0.00";"IST";"PT";"1d 23h 21m";"-366.24"
"354";"USTEC_ICM_UTC2";"Buy";"7247.4";"7252.0";"2018.06.13 18:15:00";"2018.06.15 22:55:00";"30.0";"-228.24";"7164.89990";"7329.89990";"-58855.52";"0.00";"IST";"End Of Friday (Time)";"2d 4h 40m";"-366.24"
"355";"USTEC_ICM_UTC2";"Buy";"7237.8";"7155.3";"2018.06.18 17:45:00";"2018.06.19 09:37:00";"30.0";"-2658.12";"7155.29980";"7320.29980";"-61513.63";"0.00";"IST";"SL";"15h 52m";"-183.12"
"356";"USTEC_ICM_UTC2";"Buy";"7175.3";"7257.8";"2018.06.19 18:15:00";"2018.06.20 15:49:00";"30.0";"2291.88";"7092.79980";"7257.79980";"-59221.75";"0.00";"IST";"PT";"21h 34m";"-183.12"
"357";"USTEC_ICM_UTC2";"Buy";"7278.0";"7195.5";"2018.06.20 17:00:00";"2018.06.22 16:46:00";"30.0";"-2841.24";"7195.50000";"7360.50000";"-62063.00";"0.00";"IST";"SL";"1d 23h 46m";"-366.24"
"358";"USTEC_ICM_UTC2";"Buy";"7211.2";"7207.5";"2018.06.22 17:15:00";"2018.06.22 22:55:00";"30.0";"-111.00";"7128.70020";"7293.70020";"-62174.00";"0.00";"IST";"End Of Friday (Time)";"5h 40m";"-0.00"
"359";"USTEC_ICM_UTC2";"Buy";"7067.3";"6984.8";"2018.06.25 17:15:00";"2018.06.25 21:40:00";"30.0";"-2475.00";"6984.79980";"7149.79980";"-64649.00";"0.00";"IST";"SL";"4h 25m";"-0.00"
"360";"USTEC_ICM_UTC2";"Buy";"7057.1";"6974.6";"2018.06.26 17:45:00";"2018.06.27 22:58:00";"30.0";"-2658.12";"6974.60010";"7139.60010";"-67307.12";"0.00";"IST";"SL";"1d 5h 13m";"-183.12"
"361";"USTEC_ICM_UTC2";"Buy";"6993.0";"7075.5";"2018.06.28 18:15:00";"2018.06.29 07:32:00";"30.0";"2291.88";"6910.50000";"7075.50000";"-65015.23";"0.00";"IST";"PT";"13h 17m";"-183.12"
"362";"USTEC_ICM_UTC2";"Buy";"7091.6";"7053.5";"2018.06.29 18:15:00";"2018.06.29 22:55:00";"30.0";"-1143.00";"7009.10010";"7174.10010";"-66158.23";"0.00";"IST";"End Of Friday (Time)";"4h 40m";"-0.00"
"363";"USTEC_ICM_UTC2";"Buy";"7016.4";"7098.9";"2018.07.02 17:00:00";"2018.07.02 23:04:00";"30.0";"2475.00";"6933.89990";"7098.89990";"-63683.23";"0.00";"IST";"PT";"6h 4m";"-0.00"
"364";"USTEC_ICM_UTC2";"Buy";"7098.9";"7016.4";"2018.07.03 17:45:00";"2018.07.03 19:52:00";"30.0";"-2475.00";"7016.39990";"7181.39990";"-66158.23";"0.00";"IST";"SL";"2h 7m";"-0.00"
"365";"USTEC_ICM_UTC2";"Buy";"7058.9";"7141.4";"2018.07.05 16:30:00";"2018.07.06 16:58:00";"30.0";"2291.88";"6976.39990";"7141.39990";"-63866.36";"0.00";"IST";"PT";"1d 0h 28m";"-183.12"
"366";"USTEC_ICM_UTC2";"Buy";"7144.4";"7202.9";"2018.07.06 17:15:00";"2018.07.06 22:55:00";"30.0";"1755.00";"7061.89990";"7226.89990";"-62111.36";"0.00";"IST";"End Of Friday (Time)";"5h 40m";"-0.00"
"367";"USTEC_ICM_UTC2";"Buy";"7224.4";"7306.9";"2018.07.09 17:15:00";"2018.07.10 03:42:00";"30.0";"2291.88";"7141.89990";"7306.89990";"-59819.48";"0.00";"IST";"PT";"10h 27m";"-183.12"
"368";"USTEC_ICM_UTC2";"Buy";"7285.1";"7202.6";"2018.07.10 16:45:00";"2018.07.11 04:02:00";"30.0";"-2658.12";"7202.60010";"7367.60010";"-62477.59";"0.00";"IST";"SL";"11h 17m";"-183.12"
"369";"USTEC_ICM_UTC2";"Buy";"7252.5";"7335.0";"2018.07.11 17:15:00";"2018.07.12 18:48:00";"30.0";"2291.88";"7170.00000";"7335.00000";"-60185.71";"0.00";"IST";"PT";"1d 1h 33m";"-183.12"
"370";"USTEC_ICM_UTC2";"Buy";"7350.0";"7378.1";"2018.07.12 19:15:00";"2018.07.13 22:55:00";"30.0";"659.88";"7267.50000";"7432.50000";"-59525.84";"0.00";"IST";"End Of Friday (Time)";"1d 3h 40m";"-183.12"
"371";"USTEC_ICM_UTC2";"Buy";"7368.1";"7285.6";"2018.07.16 18:19:00";"2018.07.17 09:02:00";"30.0";"-2658.12";"7285.60010";"7450.60010";"-62183.96";"0.00";"IST";"SL";"14h 43m";"-183.12"
"372";"USTEC_ICM_UTC2";"Buy";"7314.0";"7396.5";"2018.07.17 16:45:00";"2018.07.17 19:22:00";"30.0";"2475.00";"7231.50000";"7396.50000";"-59708.96";"0.00";"IST";"PT";"2h 37m";"-0.00"
"373";"USTEC_ICM_UTC2";"Buy";"7383.4";"7345.9";"2018.07.18 17:45:00";"2018.07.20 22:55:00";"30.0";"-1491.24";"7300.89990";"7465.89990";"-61200.20";"0.00";"IST";"End Of Friday (Time)";"2d 5h 10m";"-366.24"
"374";"USTEC_ICM_UTC2";"Buy";"7333.8";"7416.3";"2018.07.23 17:15:00";"2018.07.23 23:13:00";"30.0";"2475.00";"7251.29980";"7416.29980";"-58725.20";"0.00";"IST";"PT";"5h 58m";"-0.00"
"375";"USTEC_ICM_UTC2";"Buy";"7466.5";"7384.0";"2018.07.24 16:45:00";"2018.07.24 20:23:00";"30.0";"-2475.00";"7384.00000";"7549.00000";"-61200.20";"0.00";"IST";"SL";"3h 38m";"-0.00"
"376";"USTEC_ICM_UTC2";"Buy";"7415.6";"7498.1";"2018.07.25 18:00:00";"2018.07.25 22:49:00";"30.0";"2475.00";"7333.10010";"7498.10010";"-58725.20";"0.00";"IST";"PT";"4h 49m";"-0.00"
"377";"USTEC_ICM_UTC2";"Buy";"7405.8";"7323.3";"2018.07.26 16:30:00";"2018.07.27 19:32:00";"30.0";"-2658.12";"7323.29980";"7488.29980";"-61383.32";"0.00";"IST";"SL";"1d 3h 2m";"-183.12"
"378";"USTEC_ICM_UTC2";"Buy";"7285.1";"7295.9";"2018.07.27 21:30:00";"2018.07.27 22:55:00";"30.0";"324.00";"7202.60010";"7367.60010";"-61059.32";"0.00";"IST";"End Of Friday (Time)";"1h 25m";"-0.00"
"379";"USTEC_ICM_UTC2";"Buy";"7217.5";"7300.0";"2018.07.30 16:45:00";"2018.08.02 17:38:00";"30.0";"1925.64";"7135.00000";"7300.00000";"-59133.68";"0.00";"IST";"PT";"3d 0h 53m";"-549.36"
"380";"USTEC_ICM_UTC2";"Buy";"7286.4";"7368.9";"2018.08.02 18:00:00";"2018.08.02 20:33:00";"30.0";"2475.00";"7203.89990";"7368.89990";"-56658.68";"0.00";"IST";"PT";"2h 33m";"-0.00"
"381";"USTEC_ICM_UTC2";"Buy";"7382.4";"7391.5";"2018.08.03 16:30:00";"2018.08.03 22:55:00";"30.0";"273.00";"7299.89990";"7464.89990";"-56385.68";"0.00";"IST";"End Of Friday (Time)";"6h 25m";"-0.00"
"382";"USTEC_ICM_UTC2";"Buy";"7410.6";"7493.1";"2018.08.06 17:15:00";"2018.08.09 20:32:00";"30.0";"1925.64";"7328.10010";"7493.10010";"-54460.04";"0.00";"IST";"PT";"3d 3h 17m";"-549.36"
"383";"USTEC_ICM_UTC2";"Buy";"7490.2";"7407.7";"2018.08.09 22:00:00";"2018.08.10 17:00:00";"30.0";"-2658.12";"7407.70020";"7572.70020";"-57118.16";"0.00";"IST";"SL";"19h 0m";"-183.12"
"384";"USTEC_ICM_UTC2";"Buy";"7413.9";"7408.6";"2018.08.10 17:45:00";"2018.08.10 22:55:00";"30.0";"-159.00";"7331.39990";"7496.39990";"-57277.16";"0.00";"IST";"End Of Friday (Time)";"5h 10m";"-0.00"
"385";"USTEC_ICM_UTC2";"Buy";"7421.0";"7338.5";"2018.08.13 16:30:00";"2018.08.15 17:04:00";"30.0";"-2841.24";"7338.50000";"7503.50000";"-60118.39";"0.00";"IST";"SL";"2d 0h 34m";"-366.24"
"386";"USTEC_ICM_UTC2";"Buy";"7335.0";"7417.5";"2018.08.15 18:15:00";"2018.08.16 13:51:00";"30.0";"2291.88";"7252.50000";"7417.50000";"-57826.52";"0.00";"IST";"PT";"19h 36m";"-183.12"
"387";"USTEC_ICM_UTC2";"Buy";"7403.9";"7321.4";"2018.08.16 17:15:00";"2018.08.17 17:13:00";"30.0";"-2658.12";"7321.39990";"7486.39990";"-60484.64";"0.00";"IST";"SL";"23h 58m";"-183.12"
"388";"USTEC_ICM_UTC2";"Buy";"7364.0";"7381.5";"2018.08.17 19:00:00";"2018.08.17 22:55:00";"30.0";"525.00";"7281.50000";"7446.50000";"-59959.64";"0.00";"IST";"End Of Friday (Time)";"3h 55m";"-0.00"
"389";"USTEC_ICM_UTC2";"Buy";"7357.6";"7440.1";"2018.08.20 18:30:00";"2018.08.21 19:55:00";"30.0";"2291.88";"7275.10010";"7440.10010";"-57667.76";"0.00";"IST";"PT";"1d 1h 25m";"-183.12"
"390";"USTEC_ICM_UTC2";"Buy";"7432.0";"7349.5";"2018.08.21 20:30:00";"2018.08.22 02:04:00";"30.0";"-2658.12";"7349.50000";"7514.50000";"-60325.88";"0.00";"IST";"SL";"5h 34m";"-183.12"
"391";"USTEC_ICM_UTC2";"Buy";"7397.7";"7480.2";"2018.08.22 17:15:00";"2018.08.24 17:47:00";"30.0";"2108.76";"7315.20020";"7480.20020";"-58217.12";"0.00";"IST";"PT";"2d 0h 32m";"-366.24"
"392";"USTEC_ICM_UTC2";"Buy";"7479.7";"7487.2";"2018.08.24 18:00:00";"2018.08.24 22:55:00";"30.0";"225.00";"7397.20020";"7562.20020";"-57992.12";"0.00";"IST";"End Of Friday (Time)";"4h 55m";"-0.00"
"393";"USTEC_ICM_UTC2";"Buy";"7546.0";"7628.5";"2018.08.27 17:15:00";"2018.08.29 17:44:00";"30.0";"2108.76";"7463.50000";"7628.50000";"-55883.36";"0.00";"IST";"PT";"2d 0h 29m";"-366.24"
"394";"USTEC_ICM_UTC2";"Buy";"7629.7";"7656.4";"2018.08.29 17:45:00";"2018.08.31 22:55:00";"30.0";"434.76";"7547.20020";"7712.20020";"-55448.60";"0.00";"IST";"End Of Friday (Time)";"2d 5h 10m";"-366.24"
"395";"USTEC_ICM_UTC2";"Buy";"7676.2";"7593.7";"2018.09.03 19:15:00";"2018.09.04 16:39:00";"30.0";"-2658.12";"7593.70020";"7758.70020";"-58106.71";"0.00";"IST";"SL";"21h 24m";"-183.12"
"396";"USTEC_ICM_UTC2";"Buy";"7596.6";"7514.1";"2018.09.04 19:30:00";"2018.09.05 17:23:00";"30.0";"-2658.12";"7514.10010";"7679.10010";"-60764.84";"0.00";"IST";"SL";"21h 53m";"-183.12"
"397";"USTEC_ICM_UTC2";"Buy";"7528.7";"7446.2";"2018.09.05 17:30:00";"2018.09.06 17:38:00";"30.0";"-2658.12";"7446.20020";"7611.20020";"-63422.96";"0.00";"IST";"SL";"1d 0h 8m";"-183.12"
"398";"USTEC_ICM_UTC2";"Buy";"7438.1";"7426.2";"2018.09.06 18:30:00";"2018.09.07 22:55:00";"30.0";"-540.12";"7355.60010";"7520.60010";"-63963.08";"0.00";"IST";"End Of Friday (Time)";"1d 4h 25m";"-183.12"
"399";"USTEC_ICM_UTC2";"Buy";"7439.8";"7522.3";"2018.09.10 17:00:00";"2018.09.12 10:47:00";"30.0";"2108.76";"7357.29980";"7522.29980";"-61854.32";"0.00";"IST";"PT";"1d 17h 47m";"-366.24"
"400";"USTEC_ICM_UTC2";"Buy";"7470.6";"7553.1";"2018.09.12 18:45:00";"2018.09.13 16:36:00";"30.0";"2291.88";"7388.10010";"7553.10010";"-59562.44";"0.00";"IST";"PT";"21h 51m";"-183.12"
"401";"USTEC_ICM_UTC2";"Buy";"7568.5";"7549.9";"2018.09.13 16:45:00";"2018.09.14 22:55:00";"30.0";"-741.12";"7486.00000";"7651.00000";"-60303.55";"0.00";"IST";"End Of Friday (Time)";"1d 6h 10m";"-183.12"
"402";"USTEC_ICM_UTC2";"Buy";"7475.7";"7393.2";"2018.09.17 17:15:00";"2018.09.18 02:49:00";"30.0";"-2658.12";"7393.20020";"7558.20020";"-62961.68";"0.00";"IST";"SL";"9h 34m";"-183.12"
"403";"USTEC_ICM_UTC2";"Buy";"7506.3";"7588.8";"2018.09.18 17:15:00";"2018.09.21 08:03:00";"30.0";"1925.64";"7423.79980";"7588.79980";"-61036.04";"0.00";"IST";"PT";"2d 14h 48m";"-549.36"
"404";"USTEC_ICM_UTC2";"Buy";"7582.9";"7533.3";"2018.09.21 17:15:00";"2018.09.21 22:55:00";"30.0";"-1488.00";"7500.39990";"7665.39990";"-62524.04";"0.00";"IST";"End Of Friday (Time)";"5h 40m";"-0.00"
"405";"USTEC_ICM_UTC2";"Buy";"7474.8";"7559.1";"2018.09.24 16:30:00";"2018.09.25 01:00:00";"30.0";"2344.68";"7392.29980";"7557.29980";"-60179.36";"0.00";"IST";"PT";"8h 30m";"-183.12"
"406";"USTEC_ICM_UTC2";"Buy";"7540.0";"7622.5";"2018.09.25 17:30:00";"2018.09.26 21:02:00";"30.0";"2291.88";"7457.50000";"7622.50000";"-57887.48";"0.00";"IST";"PT";"1d 3h 32m";"-183.12"
"407";"USTEC_ICM_UTC2";"Buy";"7585.5";"7621.6";"2018.09.26 22:45:00";"2018.09.28 22:55:00";"30.0";"716.76";"7503.00000";"7668.00000";"-57170.71";"0.00";"IST";"End Of Friday (Time)";"2d 0h 10m";"-366.24"
"408";"USTEC_ICM_UTC2";"Buy";"7691.6";"7609.1";"2018.10.01 18:15:00";"2018.10.02 11:49:00";"30.0";"-2658.12";"7609.10010";"7774.10010";"-59828.84";"0.00";"IST";"SL";"17h 34m";"-183.12"
"409";"USTEC_ICM_UTC2";"Buy";"7629.3";"7546.8";"2018.10.02 16:45:00";"2018.10.04 17:01:00";"30.0";"-2841.24";"7546.79980";"7711.79980";"-62670.08";"0.00";"IST";"SL";"2d 0h 16m";"-366.24"
"410";"USTEC_ICM_UTC2";"Buy";"7547.5";"7465.0";"2018.10.04 17:15:00";"2018.10.04 19:25:00";"30.0";"-2475.00";"7465.00000";"7630.00000";"-65145.08";"0.00";"IST";"SL";"2h 10m";"-0.00"
"411";"USTEC_ICM_UTC2";"Buy";"7457.8";"7375.3";"2018.10.05 17:00:00";"2018.10.05 18:47:00";"30.0";"-2475.00";"7375.29980";"7540.29980";"-67620.08";"0.00";"IST";"SL";"1h 47m";"-0.00"
"412";"USTEC_ICM_UTC2";"Buy";"7381.1";"7298.6";"2018.10.08 16:45:00";"2018.10.08 18:40:00";"30.0";"-2475.00";"7298.60010";"7463.60010";"-70095.08";"0.00";"IST";"SL";"1h 55m";"-0.00"
"413";"USTEC_ICM_UTC2";"Buy";"7371.6";"7289.1";"2018.10.09 17:15:00";"2018.10.10 16:38:00";"30.0";"-2658.12";"7289.10010";"7454.10010";"-72753.20";"0.00";"IST";"SL";"23h 23m";"-183.12"
"414";"USTEC_ICM_UTC2";"Buy";"7212.1";"7129.6";"2018.10.10 18:30:00";"2018.10.10 22:10:00";"30.0";"-2475.00";"7129.60010";"7294.60010";"-75228.20";"0.00";"IST";"SL";"3h 40m";"-0.00"
"415";"USTEC_ICM_UTC2";"Buy";"7018.1";"7100.6";"2018.10.11 16:30:00";"2018.10.11 16:54:00";"30.0";"2475.00";"6935.60010";"7100.60010";"-72753.20";"0.00";"IST";"PT";"24m 0s";"-0.00"
"416";"USTEC_ICM_UTC2";"Buy";"7128.3";"7045.8";"2018.10.12 17:15:00";"2018.10.12 19:39:00";"30.0";"-2475.00";"7045.79980";"7210.79980";"-75228.20";"0.00";"IST";"SL";"2h 24m";"-0.00"
"417";"USTEC_ICM_UTC2";"Buy";"7137.3";"7054.8";"2018.10.15 18:30:00";"2018.10.15 23:08:00";"30.0";"-2475.00";"7054.79980";"7219.79980";"-77703.20";"0.00";"IST";"SL";"4h 38m";"-0.00"
"418";"USTEC_ICM_UTC2";"Buy";"7151.9";"7234.4";"2018.10.16 17:15:00";"2018.10.16 20:17:00";"30.0";"2475.00";"7069.39990";"7234.39990";"-75228.20";"0.00";"IST";"PT";"3h 2m";"-0.00"
"419";"USTEC_ICM_UTC2";"Buy";"7250.9";"7168.4";"2018.10.17 17:00:00";"2018.10.18 18:29:00";"30.0";"-2658.12";"7168.39990";"7333.39990";"-77886.32";"0.00";"IST";"SL";"1d 1h 29m";"-183.12"
"420";"USTEC_ICM_UTC2";"Buy";"7170.9";"7088.4";"2018.10.18 18:30:00";"2018.10.18 20:24:00";"30.0";"-2475.00";"7088.39990";"7253.39990";"-80361.32";"0.00";"IST";"SL";"1h 54m";"-0.00"
"421";"USTEC_ICM_UTC2";"Buy";"7200.0";"7117.5";"2018.10.19 18:15:00";"2018.10.19 19:24:00";"30.0";"-2475.00";"7117.50000";"7282.50000";"-82836.32";"0.00";"IST";"SL";"1h 9m";"-0.00"
"422";"USTEC_ICM_UTC2";"Buy";"7165.9";"7083.4";"2018.10.22 18:15:00";"2018.10.23 05:40:00";"30.0";"-2658.12";"7083.39990";"7248.39990";"-85494.44";"0.00";"IST";"SL";"11h 25m";"-183.12"
"423";"USTEC_ICM_UTC2";"Buy";"6993.1";"7075.6";"2018.10.23 18:45:00";"2018.10.23 20:03:00";"30.0";"2475.00";"6910.60010";"7075.60010";"-83019.44";"0.00";"IST";"PT";"1h 18m";"-0.00"
"424";"USTEC_ICM_UTC2";"Buy";"7108.6";"7026.1";"2018.10.24 16:30:00";"2018.10.24 18:03:00";"30.0";"-2475.00";"7026.10010";"7191.10010";"-85494.44";"0.00";"IST";"SL";"1h 33m";"-0.00"
"425";"USTEC_ICM_UTC2";"Buy";"6963.0";"7045.5";"2018.10.25 17:30:00";"2018.10.25 21:40:00";"30.0";"2475.00";"6880.50000";"7045.50000";"-83019.44";"0.00";"IST";"PT";"4h 10m";"-0.00"
"426";"USTEC_ICM_UTC2";"Buy";"6797.9";"6880.4";"2018.10.26 17:15:00";"2018.10.26 19:05:00";"30.0";"2475.00";"6715.39990";"6880.39990";"-80544.44";"0.00";"IST";"PT";"1h 50m";"-0.00"
"427";"USTEC_ICM_UTC2";"Buy";"6881.2";"6798.7";"2018.10.29 17:30:00";"2018.10.29 18:22:00";"30.0";"-2475.00";"6798.70020";"6963.70020";"-83019.44";"0.00";"IST";"SL";"52m 0s";"-0.00"
"428";"USTEC_ICM_UTC2";"Buy";"6756.7";"6674.2";"2018.10.30 16:30:00";"2018.10.30 19:33:00";"30.0";"-2475.00";"6674.20020";"6839.20020";"-85494.44";"0.00";"IST";"SL";"3h 3m";"-0.00"
"429";"USTEC_ICM_UTC2";"Buy";"6998.0";"7080.5";"2018.10.31 16:30:00";"2018.11.02 07:04:00";"30.0";"2108.76";"6915.50000";"7080.50000";"-83385.68";"0.00";"IST";"PT";"1d 14h 34m";"-366.24"
"430";"USTEC_ICM_UTC2";"Buy";"6978.0";"6895.5";"2018.11.02 16:30:00";"2018.11.05 16:44:00";"30.0";"-3024.36";"6895.50000";"7060.50000";"-86410.04";"0.00";"IST";"SL";"3d 0h 14m";"-549.36"
"431";"USTEC_ICM_UTC2";"Buy";"6885.4";"6967.9";"2018.11.05 18:30:00";"2018.11.06 16:33:00";"30.0";"2291.88";"6802.89990";"6967.89990";"-84118.16";"0.00";"IST";"PT";"22h 3m";"-183.12"
"432";"USTEC_ICM_UTC2";"Buy";"7006.1";"7088.6";"2018.11.06 17:15:00";"2018.11.07 10:50:00";"30.0";"2291.88";"6923.60010";"7088.60010";"-81826.27";"0.00";"IST";"PT";"17h 35m";"-183.12"
"433";"USTEC_ICM_UTC2";"Buy";"7071.7";"7154.2";"2018.11.07 16:30:00";"2018.11.07 17:53:00";"30.0";"2475.00";"6989.20020";"7154.20020";"-79351.27";"0.00";"IST";"PT";"1h 23m";"-0.00"
"434";"USTEC_ICM_UTC2";"Buy";"7168.6";"7086.1";"2018.11.08 18:15:00";"2018.11.09 13:35:00";"30.0";"-2658.12";"7086.10010";"7251.10010";"-82009.40";"0.00";"IST";"SL";"19h 20m";"-183.12"
"435";"USTEC_ICM_UTC2";"Buy";"7049.4";"7049.6";"2018.11.09 18:00:00";"2018.11.09 22:55:00";"30.0";"6.00";"6966.89990";"7131.89990";"-82003.40";"0.00";"IST";"End Of Friday (Time)";"4h 55m";"-0.00"
"436";"USTEC_ICM_UTC2";"Buy";"6922.9";"6840.4";"2018.11.12 17:00:00";"2018.11.12 18:15:00";"30.0";"-2475.00";"6840.39990";"7005.39990";"-84478.40";"0.00";"IST";"SL";"1h 15m";"-0.00"
"437";"USTEC_ICM_UTC2";"Buy";"6872.9";"6790.4";"2018.11.13 17:15:00";"2018.11.14 10:29:00";"30.0";"-2658.12";"6790.39990";"6955.39990";"-87136.52";"0.00";"IST";"SL";"17h 14m";"-183.12"
"438";"USTEC_ICM_UTC2";"Buy";"6906.5";"6824.0";"2018.11.14 16:45:00";"2018.11.14 17:25:00";"30.0";"-2475.00";"6824.00000";"6989.00000";"-89611.52";"0.00";"IST";"SL";"40m 0s";"-0.00"
"439";"USTEC_ICM_UTC2";"Buy";"6796.1";"6713.6";"2018.11.15 16:45:00";"2018.11.15 17:34:00";"30.0";"-2475.00";"6713.60010";"6878.60010";"-92086.52";"0.00";"IST";"SL";"49m 0s";"-0.00"
"440";"USTEC_ICM_UTC2";"Buy";"6863.2";"6874.8";"2018.11.16 17:15:00";"2018.11.16 22:55:00";"30.0";"348.00";"6780.70020";"6945.70020";"-91738.52";"0.00";"IST";"End Of Friday (Time)";"5h 40m";"-0.00"
"441";"USTEC_ICM_UTC2";"Buy";"6737.3";"6654.8";"2018.11.19 17:30:00";"2018.11.19 20:09:00";"30.0";"-2475.00";"6654.79980";"6819.79980";"-94213.52";"0.00";"IST";"SL";"2h 39m";"-0.00"
"442";"USTEC_ICM_UTC2";"Buy";"6541.1";"6458.6";"2018.11.20 16:45:00";"2018.11.20 17:12:00";"30.0";"-2475.00";"6458.60010";"6623.60010";"-96688.52";"0.00";"IST";"SL";"27m 0s";"-0.00"
"443";"USTEC_ICM_UTC2";"Buy";"6586.3";"6503.8";"2018.11.21 17:15:00";"2018.11.22 18:00:00";"30.0";"-2658.12";"6503.79980";"6668.79980";"-99346.64";"0.00";"IST";"SL";"1d 0h 45m";"-183.12"
"444";"USTEC_ICM_UTC2";"Buy";"6579.5";"6662.0";"2018.11.23 17:00:00";"2018.11.26 21:31:00";"30.0";"1925.64";"6497.00000";"6662.00000";"-97421.00";"0.00";"IST";"PT";"3d 4h 31m";"-549.36"
"445";"USTEC_ICM_UTC2";"Buy";"6660.3";"6742.8";"2018.11.26 22:30:00";"2018.11.28 14:00:00";"30.0";"2108.76";"6577.79980";"6742.79980";"-95312.23";"0.00";"IST";"PT";"1d 15h 30m";"-366.24"
"446";"USTEC_ICM_UTC2";"Buy";"6733.5";"6816.0";"2018.11.28 18:15:00";"2018.11.28 19:09:00";"30.0";"2475.00";"6651.00000";"6816.00000";"-92837.23";"0.00";"IST";"PT";"54m 0s";"-0.00"
"447";"USTEC_ICM_UTC2";"Buy";"6886.2";"6925.4";"2018.11.29 17:15:00";"2018.11.30 22:55:00";"30.0";"992.88";"6803.70020";"6968.70020";"-91844.36";"0.00";"IST";"End Of Friday (Time)";"1d 5h 40m";"-183.12"
"448";"USTEC_ICM_UTC2";"Buy";"7048.2";"6965.7";"2018.12.03 18:15:00";"2018.12.04 19:05:00";"30.0";"-2658.12";"6965.70020";"7130.70020";"-94502.48";"0.00";"IST";"SL";"1d 0h 50m";"-183.12"
"449";"USTEC_ICM_UTC2";"Buy";"6898.4";"6815.9";"2018.12.04 19:45:00";"2018.12.04 20:40:00";"30.0";"-2475.00";"6815.89990";"6980.89990";"-96977.48";"0.00";"IST";"SL";"55m 0s";"-0.00"
"450";"USTEC_ICM_UTC2";"Buy";"6715.0";"6632.5";"2018.12.06 16:45:00";"2018.12.06 18:27:00";"30.0";"-2475.00";"6632.50000";"6797.50000";"-99452.48";"0.00";"IST";"SL";"1h 42m";"-0.00"
"451";"USTEC_ICM_UTC2";"Buy";"6779.4";"6696.9";"2018.12.07 17:15:00";"2018.12.07 18:15:00";"30.0";"-2475.00";"6696.89990";"6861.89990";"-101927.48";"0.00";"IST";"SL";"1h 0m";"-0.00"
"452";"USTEC_ICM_UTC2";"Buy";"6666.0";"6583.5";"2018.12.10 16:45:00";"2018.12.10 16:53:00";"30.0";"-2475.00";"6583.50000";"6748.50000";"-104402.48";"0.00";"IST";"SL";"8m 0s";"-0.00"
"453";"USTEC_ICM_UTC2";"Buy";"6750.4";"6667.9";"2018.12.11 17:15:00";"2018.12.11 20:45:00";"30.0";"-2475.00";"6667.89990";"6832.89990";"-106877.48";"0.00";"IST";"SL";"3h 30m";"-0.00"
"454";"USTEC_ICM_UTC2";"Buy";"6816.3";"6733.8";"2018.12.12 17:30:00";"2018.12.13 19:03:00";"30.0";"-2658.12";"6733.79980";"6898.79980";"-109535.59";"0.00";"IST";"SL";"1d 1h 33m";"-183.12"
"455";"USTEC_ICM_UTC2";"Buy";"6746.3";"6663.8";"2018.12.13 19:15:00";"2018.12.14 10:38:00";"30.0";"-2658.12";"6663.79980";"6828.79980";"-112193.72";"0.00";"IST";"SL";"15h 23m";"-183.12"
"456";"USTEC_ICM_UTC2";"Buy";"6689.3";"6606.8";"2018.12.14 17:15:00";"2018.12.14 21:42:00";"30.0";"-2475.00";"6606.79980";"6771.79980";"-114668.72";"0.00";"IST";"SL";"4h 27m";"-0.00"
"457";"USTEC_ICM_UTC2";"Buy";"6591.1";"6508.6";"2018.12.17 19:30:00";"2018.12.17 20:33:00";"30.0";"-2475.00";"6508.60010";"6673.60010";"-117143.72";"0.00";"IST";"SL";"1h 3m";"-0.00"
"458";"USTEC_ICM_UTC2";"Buy";"6486.1";"6568.6";"2018.12.18 18:30:00";"2018.12.19 17:30:00";"30.0";"2291.88";"6403.60010";"6568.60010";"-114851.84";"0.00";"IST";"PT";"23h 0m";"-183.12"
"459";"USTEC_ICM_UTC2";"Buy";"6532.7";"6450.2";"2018.12.19 18:30:00";"2018.12.19 21:04:00";"30.0";"-2475.00";"6450.20020";"6615.20020";"-117326.84";"0.00";"IST";"SL";"2h 34m";"-0.00"
"460";"USTEC_ICM_UTC2";"Buy";"6365.0";"6282.5";"2018.12.20 17:15:00";"2018.12.20 18:20:00";"30.0";"-2475.00";"6282.50000";"6447.50000";"-119801.84";"0.00";"IST";"SL";"1h 5m";"-0.00"
"461";"USTEC_ICM_UTC2";"Buy";"6251.3";"6168.8";"2018.12.21 17:00:00";"2018.12.21 18:48:00";"30.0";"-2475.00";"6168.79980";"6333.79980";"-122276.84";"0.00";"IST";"SL";"1h 48m";"-0.00"
"462";"USTEC_ICM_UTC2";"Buy";"6002.1";"5919.6";"2018.12.24 16:30:00";"2018.12.24 19:56:00";"30.0";"-2475.00";"5919.60010";"6084.60010";"-124751.84";"0.00";"IST";"SL";"3h 26m";"-0.00"
"463";"USTEC_ICM_UTC2";"Buy";"5973.8";"6056.3";"2018.12.26 17:00:00";"2018.12.26 19:01:00";"30.0";"2475.00";"5891.29980";"6056.29980";"-122276.84";"0.00";"IST";"PT";"2h 1m";"-0.00"
"464";"USTEC_ICM_UTC2";"Buy";"6102.6";"6185.1";"2018.12.27 17:30:00";"2018.12.27 22:23:00";"30.0";"2475.00";"6020.10010";"6185.10010";"-119801.84";"0.00";"IST";"PT";"4h 53m";"-0.00"
"465";"USTEC_ICM_UTC2";"Buy";"6288.0";"6370.5";"2018.12.28 18:30:00";"2018.12.28 21:44:00";"30.0";"2475.00";"6205.50000";"6370.50000";"-117326.84";"0.00";"IST";"PT";"3h 14m";"-0.00"
"466";"USTEC_ICM_UTC2";"Buy";"6291.4";"6208.9";"2018.12.31 18:15:00";"2019.01.02 10:16:00";"30.0";"-2841.24";"6208.89990";"6373.89990";"-120168.08";"0.00";"IST";"SL";"1d 16h 1m";"-366.24"
"467";"USTEC_ICM_UTC2";"Buy";"6284.8";"6367.3";"2019.01.02 17:15:00";"2019.01.02 20:01:00";"30.0";"2475.00";"6202.29980";"6367.29980";"-117693.08";"0.00";"IST";"PT";"2h 46m";"-0.00"
"468";"USTEC_ICM_UTC2";"Buy";"6232.7";"6150.2";"2019.01.03 17:00:00";"2019.01.03 22:14:00";"30.0";"-2475.00";"6150.20020";"6315.20020";"-120168.08";"0.00";"IST";"SL";"5h 14m";"-0.00"
"469";"USTEC_ICM_UTC2";"Buy";"6248.4";"6330.9";"2019.01.04 16:30:00";"2019.01.04 17:24:00";"30.0";"2475.00";"6165.89990";"6330.89990";"-117693.08";"0.00";"IST";"PT";"54m 0s";"-0.00"
"470";"USTEC_ICM_UTC2";"Buy";"6432.9";"6515.4";"2019.01.07 16:45:00";"2019.01.07 19:56:00";"30.0";"2475.00";"6350.39990";"6515.39990";"-115218.08";"0.00";"IST";"PT";"3h 11m";"-0.00"
"471";"USTEC_ICM_UTC2";"Buy";"6507.9";"6590.4";"2019.01.08 17:30:00";"2019.01.09 04:38:00";"30.0";"2291.88";"6425.39990";"6590.39990";"-112926.20";"0.00";"IST";"PT";"11h 8m";"-183.12"
"472";"USTEC_ICM_UTC2";"Buy";"6576.7";"6601.4";"2019.01.09 17:15:00";"2019.01.11 22:55:00";"30.0";"374.76";"6494.20020";"6659.20020";"-112551.44";"0.00";"IST";"End Of Friday (Time)";"2d 5h 40m";"-366.24"
"473";"USTEC_ICM_UTC2";"Buy";"6535.9";"6618.4";"2019.01.14 17:15:00";"2019.01.15 16:39:00";"30.0";"2291.88";"6453.39990";"6618.39990";"-110259.55";"0.00";"IST";"PT";"23h 24m";"-183.12"
"474";"USTEC_ICM_UTC2";"Buy";"6639.1";"6721.6";"2019.01.15 18:00:00";"2019.01.16 16:46:00";"30.0";"2291.88";"6556.60010";"6721.60010";"-107967.68";"0.00";"IST";"PT";"22h 46m";"-183.12"
"475";"USTEC_ICM_UTC2";"Buy";"6715.3";"6632.8";"2019.01.16 17:15:00";"2019.01.17 03:39:00";"30.0";"-2658.12";"6632.79980";"6797.79980";"-110625.80";"0.00";"IST";"SL";"10h 24m";"-183.12"
"476";"USTEC_ICM_UTC2";"Buy";"6675.4";"6757.9";"2019.01.17 17:15:00";"2019.01.18 16:27:00";"30.0";"2291.88";"6592.89990";"6757.89990";"-108333.92";"0.00";"IST";"PT";"23h 12m";"-183.12"
"477";"USTEC_ICM_UTC2";"Buy";"6753.1";"6768.6";"2019.01.18 17:30:00";"2019.01.18 22:55:00";"30.0";"465.00";"6670.60010";"6835.60010";"-107868.92";"0.00";"IST";"End Of Friday (Time)";"5h 25m";"-0.00"
"478";"USTEC_ICM_UTC2";"Buy";"6744.8";"6662.3";"2019.01.21 17:15:00";"2019.01.22 20:00:00";"30.0";"-2658.12";"6662.29980";"6827.29980";"-110527.04";"0.00";"IST";"SL";"1d 2h 45m";"-183.12"
"479";"USTEC_ICM_UTC2";"Buy";"6646.0";"6728.5";"2019.01.22 20:45:00";"2019.01.25 05:40:00";"30.0";"1925.64";"6563.50000";"6728.50000";"-108601.40";"0.00";"IST";"PT";"2d 8h 55m";"-549.36"
"480";"USTEC_ICM_UTC2";"Buy";"6774.8";"6778.4";"2019.01.25 17:15:00";"2019.01.25 22:55:00";"30.0";"108.00";"6692.29980";"6857.29980";"-108493.40";"0.00";"IST";"End Of Friday (Time)";"5h 40m";"-0.00"
"481";"USTEC_ICM_UTC2";"Buy";"6672.6";"6755.1";"2019.01.28 16:45:00";"2019.01.30 21:00:00";"30.0";"2108.76";"6590.10010";"6755.10010";"-106384.64";"0.00";"IST";"PT";"2d 4h 15m";"-366.24"
"482";"USTEC_ICM_UTC2";"Buy";"6799.7";"6882.2";"2019.01.30 21:45:00";"2019.01.31 17:18:00";"30.0";"2291.88";"6717.20020";"6882.20020";"-104092.76";"0.00";"IST";"PT";"19h 33m";"-183.12"
"483";"USTEC_ICM_UTC2";"Buy";"6891.8";"6870.9";"2019.01.31 17:30:00";"2019.02.01 22:55:00";"30.0";"-810.12";"6809.29980";"6974.29980";"-104902.88";"0.00";"IST";"End Of Friday (Time)";"1d 5h 25m";"-183.12"
"484";"USTEC_ICM_UTC2";"Buy";"6915.9";"6998.4";"2019.02.04 17:15:00";"2019.02.05 16:42:00";"30.0";"2291.88";"6833.39990";"6998.39990";"-102611.00";"0.00";"IST";"PT";"23h 27m";"-183.12"
"485";"USTEC_ICM_UTC2";"Buy";"7001.5";"6919.0";"2019.02.05 17:15:00";"2019.02.07 16:35:00";"30.0";"-2841.24";"6919.00000";"7084.00000";"-105452.24";"0.00";"IST";"SL";"1d 23h 20m";"-366.24"
"486";"USTEC_ICM_UTC2";"Buy";"6929.3";"6846.8";"2019.02.07 17:00:00";"2019.02.08 13:49:00";"30.0";"-2658.12";"6846.79980";"7011.79980";"-108110.36";"0.00";"IST";"SL";"20h 49m";"-183.12"
"487";"USTEC_ICM_UTC2";"Buy";"6859.9";"6893.8";"2019.02.08 18:15:00";"2019.02.08 22:55:00";"30.0";"1017.00";"6777.39990";"6942.39990";"-107093.36";"0.00";"IST";"End Of Friday (Time)";"4h 40m";"-0.00"
"488";"USTEC_ICM_UTC2";"Buy";"6939.9";"7022.4";"2019.02.11 16:30:00";"2019.02.13 02:09:00";"30.0";"2108.76";"6857.39990";"7022.39990";"-104984.60";"0.00";"IST";"PT";"1d 9h 39m";"-366.24"
"489";"USTEC_ICM_UTC2";"Buy";"7040.9";"7044.3";"2019.02.13 17:30:00";"2019.02.15 22:55:00";"30.0";"-264.24";"6958.39990";"7123.39990";"-105248.84";"0.00";"IST";"End Of Friday (Time)";"2d 5h 25m";"-366.24"
"490";"USTEC_ICM_UTC2";"Buy";"7070.3";"7076.1";"2019.02.19 17:30:00";"2019.02.22 22:55:00";"30.0";"-375.36";"6987.79980";"7152.79980";"-105624.20";"0.00";"IST";"End Of Friday (Time)";"3d 5h 25m";"-549.36"
"491";"USTEC_ICM_UTC2";"Buy";"7154.5";"7072.0";"2019.02.25 17:15:00";"2019.02.26 06:14:00";"30.0";"-2658.12";"7072.00000";"7237.00000";"-108282.32";"0.00";"IST";"SL";"12h 59m";"-183.12"
"492";"USTEC_ICM_UTC2";"Buy";"7093.9";"7149.2";"2019.02.26 16:30:00";"2019.03.01 22:55:00";"30.0";"1109.64";"7011.39990";"7176.39990";"-107172.68";"0.00";"IST";"End Of Friday (Time)";"3d 6h 25m";"-549.36"
"493";"USTEC_ICM_UTC2";"Buy";"7203.3";"7120.8";"2019.03.04 17:00:00";"2019.03.04 18:42:00";"30.0";"-2475.00";"7120.79980";"7285.79980";"-109647.68";"0.00";"IST";"SL";"1h 42m";"-0.00"
"494";"USTEC_ICM_UTC2";"Buy";"7144.3";"7061.8";"2019.03.05 17:15:00";"2019.03.07 16:45:00";"30.0";"-2841.24";"7061.79980";"7226.79980";"-112488.92";"0.00";"IST";"SL";"1d 23h 30m";"-366.24"
"495";"USTEC_ICM_UTC2";"Buy";"7046.8";"6964.3";"2019.03.07 17:00:00";"2019.03.08 15:30:00";"30.0";"-2658.12";"6964.29980";"7129.29980";"-115147.04";"0.00";"IST";"SL";"22h 30m";"-183.12"
"496";"USTEC_ICM_UTC2";"Buy";"6951.2";"7010.4";"2019.03.08 16:45:00";"2019.03.08 22:55:00";"30.0";"1776.00";"6868.70020";"7033.70020";"-113371.04";"0.00";"IST";"End Of Friday (Time)";"6h 10m";"-0.00"
"497";"USTEC_ICM_UTC2";"Buy";"7104.0";"7186.5";"2019.03.11 16:30:00";"2019.03.12 00:56:00";"30.0";"2291.88";"7021.50000";"7186.50000";"-111079.16";"0.00";"IST";"PT";"8h 26m";"-183.12"
"498";"USTEC_ICM_UTC2";"Buy";"7188.1";"7270.6";"2019.03.12 16:30:00";"2019.03.13 17:08:00";"30.0";"2291.88";"7105.60010";"7270.60010";"-108787.28";"0.00";"IST";"PT";"1d 0h 38m";"-183.12"
"499";"USTEC_ICM_UTC2";"Buy";"7273.5";"7356.0";"2019.03.13 17:15:00";"2019.03.19 12:54:00";"30.0";"1376.28";"7191.00000";"7356.00000";"-107411.00";"0.00";"IST";"PT";"5d 19h 39m";"-1098.72"
"500";"USTEC_ICM_UTC2";"Buy";"7356.2";"7438.7";"2019.03.19 16:45:00";"2019.03.21 17:01:00";"30.0";"2108.76";"7273.70020";"7438.70020";"-105302.24";"0.00";"IST";"PT";"2d 0h 16m";"-366.24"
"501";"USTEC_ICM_UTC2";"Buy";"7446.9";"7364.4";"2019.03.21 17:15:00";"2019.03.22 17:53:00";"30.0";"-2658.12";"7364.39990";"7529.39990";"-107960.36";"0.00";"IST";"SL";"1d 0h 38m";"-183.12"
"502";"USTEC_ICM_UTC2";"Buy";"7358.3";"7275.8";"2019.03.22 18:15:00";"2019.03.25 02:56:00";"30.0";"-3024.36";"7275.79980";"7440.79980";"-110984.72";"0.00";"IST";"SL";"2d 8h 41m";"-549.36"
"503";"USTEC_ICM_UTC2";"Buy";"7284.9";"7367.4";"2019.03.25 16:30:00";"2019.03.26 14:02:00";"30.0";"2291.88";"7202.39990";"7367.39990";"-108692.84";"0.00";"IST";"PT";"21h 32m";"-183.12"
"504";"USTEC_ICM_UTC2";"Buy";"7399.6";"7317.1";"2019.03.26 17:00:00";"2019.03.26 21:30:00";"30.0";"-2475.00";"7317.10010";"7482.10010";"-111167.84";"0.00";"IST";"SL";"4h 30m";"-0.00"
"505";"USTEC_ICM_UTC2";"Buy";"7362.3";"7279.8";"2019.03.27 16:30:00";"2019.03.27 17:29:00";"30.0";"-2475.00";"7279.79980";"7444.79980";"-113642.84";"0.00";"IST";"SL";"59m 0s";"-0.00"
"506";"USTEC_ICM_UTC2";"Buy";"7316.0";"7406.1";"2019.03.28 17:00:00";"2019.04.01 01:00:00";"30.0";"1969.32";"7233.50000";"7398.50000";"-111673.52";"0.00";"IST";"PT";"3d 8h 0m";"-732.48"
"507";"USTEC_ICM_UTC2";"Buy";"7431.9";"7514.4";"2019.04.01 17:45:00";"2019.04.03 03:54:00";"30.0";"2108.76";"7349.39990";"7514.39990";"-109564.76";"0.00";"IST";"PT";"1d 10h 9m";"-366.24"
"508";"USTEC_ICM_UTC2";"Buy";"7542.2";"7573.3";"2019.04.03 17:00:00";"2019.04.05 22:55:00";"30.0";"566.76";"7459.70020";"7624.70020";"-108998.00";"0.00";"IST";"End Of Friday (Time)";"2d 5h 55m";"-366.24"
"509";"USTEC_ICM_UTC2";"Buy";"7558.2";"7640.7";"2019.04.08 17:15:00";"2019.04.12 15:15:00";"30.0";"1742.52";"7475.70020";"7640.70020";"-107255.48";"0.00";"IST";"PT";"3d 22h 0m";"-732.48"
"510";"USTEC_ICM_UTC2";"Buy";"7625.3";"7620.0";"2019.04.12 17:00:00";"2019.04.12 22:55:00";"30.0";"-159.00";"7542.79980";"7707.79980";"-107414.48";"0.00";"IST";"End Of Friday (Time)";"5h 55m";"-0.00"
"511";"USTEC_ICM_UTC2";"Buy";"7578.9";"7661.4";"2019.04.15 17:45:00";"2019.04.16 11:54:00";"30.0";"2291.88";"7496.39990";"7661.39990";"-105122.60";"0.00";"IST";"PT";"18h 9m";"-183.12"
"512";"USTEC_ICM_UTC2";"Buy";"7666.6";"7749.1";"2019.04.16 17:30:00";"2019.04.23 16:43:00";"30.0";"1193.16";"7584.10010";"7749.10010";"-103929.44";"0.00";"IST";"PT";"6d 23h 13m";"-1281.84"
"513";"USTEC_ICM_UTC2";"Buy";"7755.4";"7838.3";"2019.04.23 16:45:00";"2019.04.25 01:00:00";"30.0";"2119.56";"7672.89990";"7837.89990";"-101809.88";"0.00";"IST";"PT";"1d 8h 15m";"-366.24"
"514";"USTEC_ICM_UTC2";"Buy";"7834.4";"7751.9";"2019.04.25 17:00:00";"2019.04.26 16:55:00";"30.0";"-2658.12";"7751.89990";"7916.89990";"-104468.00";"0.00";"IST";"SL";"23h 55m";"-183.12"
"515";"USTEC_ICM_UTC2";"Buy";"7755.1";"7812.9";"2019.04.26 17:00:00";"2019.04.26 22:55:00";"30.0";"1734.00";"7672.60010";"7837.60010";"-102734.00";"0.00";"IST";"End Of Friday (Time)";"5h 55m";"-0.00"
"516";"USTEC_ICM_UTC2";"Buy";"7828.1";"7745.6";"2019.04.29 17:15:00";"2019.04.30 18:02:00";"30.0";"-2658.12";"7745.60010";"7910.60010";"-105392.12";"0.00";"IST";"SL";"1d 0h 47m";"-183.12"
"517";"USTEC_ICM_UTC2";"Buy";"7769.7";"7852.2";"2019.04.30 19:15:00";"2019.05.01 21:07:00";"30.0";"2291.88";"7687.20020";"7852.20020";"-103100.24";"0.00";"IST";"PT";"1d 1h 52m";"-183.12"
"518";"USTEC_ICM_UTC2";"Buy";"7844.5";"7762.0";"2019.05.01 21:30:00";"2019.05.01 22:52:00";"30.0";"-2475.00";"7762.00000";"7927.00000";"-105575.24";"0.00";"IST";"SL";"1h 22m";"-0.00"
"519";"USTEC_ICM_UTC2";"Buy";"7758.1";"7675.6";"2019.05.02 18:15:00";"2019.05.02 18:47:00";"30.0";"-2475.00";"7675.60010";"7840.60010";"-108050.24";"0.00";"IST";"SL";"32m 0s";"-0.00"
"520";"USTEC_ICM_UTC2";"Buy";"7784.0";"7845.1";"2019.05.03 16:30:00";"2019.05.03 22:55:00";"30.0";"1833.00";"7701.50000";"7866.50000";"-106217.24";"0.00";"IST";"End Of Friday (Time)";"6h 25m";"-0.00"
"521";"USTEC_ICM_UTC2";"Buy";"7730.1";"7647.6";"2019.05.06 16:45:00";"2019.05.07 17:51:00";"30.0";"-2658.12";"7647.60010";"7812.60010";"-108875.36";"0.00";"IST";"SL";"1d 1h 6m";"-183.12"
"522";"USTEC_ICM_UTC2";"Buy";"7652.2";"7569.7";"2019.05.07 18:00:00";"2019.05.09 09:50:00";"30.0";"-2841.24";"7569.70020";"7734.70020";"-111716.60";"0.00";"IST";"SL";"1d 15h 50m";"-366.24"
"523";"USTEC_ICM_UTC2";"Buy";"7519.5";"7602.0";"2019.05.09 16:45:00";"2019.05.09 19:41:00";"30.0";"2475.00";"7437.00000";"7602.00000";"-109241.60";"0.00";"IST";"PT";"2h 56m";"-0.00"
"524";"USTEC_ICM_UTC2";"Buy";"7564.0";"7481.5";"2019.05.10 16:45:00";"2019.05.10 17:34:00";"30.0";"-2475.00";"7481.50000";"7646.50000";"-111716.60";"0.00";"IST";"SL";"49m 0s";"-0.00"
"525";"USTEC_ICM_UTC2";"Buy";"7326.6";"7409.1";"2019.05.13 20:00:00";"2019.05.14 18:15:00";"30.0";"2291.88";"7244.10010";"7409.10010";"-109424.72";"0.00";"IST";"PT";"22h 15m";"-183.12"
"526";"USTEC_ICM_UTC2";"Buy";"7430.5";"7348.0";"2019.05.14 19:00:00";"2019.05.15 15:44:00";"30.0";"-2658.12";"7348.00000";"7513.00000";"-112082.84";"0.00";"IST";"SL";"20h 44m";"-183.12"
"527";"USTEC_ICM_UTC2";"Buy";"7378.2";"7460.7";"2019.05.15 16:45:00";"2019.05.15 17:29:00";"30.0";"2475.00";"7295.70020";"7460.70020";"-109607.84";"0.00";"IST";"PT";"44m 0s";"-0.00"
"528";"USTEC_ICM_UTC2";"Buy";"7601.7";"7519.2";"2019.05.16 18:15:00";"2019.05.17 14:51:00";"30.0";"-2658.12";"7519.20020";"7684.20020";"-112265.96";"0.00";"IST";"SL";"20h 36m";"-183.12"
"529";"USTEC_ICM_UTC2";"Buy";"7600.9";"7518.4";"2019.05.17 18:15:00";"2019.05.17 22:08:00";"30.0";"-2475.00";"7518.39990";"7683.39990";"-114740.96";"0.00";"IST";"SL";"3h 53m";"-0.00"
"530";"USTEC_ICM_UTC2";"Buy";"7398.0";"7315.5";"2019.05.20 19:00:00";"2019.05.23 12:40:00";"30.0";"-3024.36";"7315.50000";"7480.50000";"-117765.32";"0.00";"IST";"SL";"2d 17h 40m";"-549.36"
"531";"USTEC_ICM_UTC2";"Buy";"7303.8";"7300.3";"2019.05.23 17:15:00";"2019.05.24 22:55:00";"30.0";"-288.12";"7221.29980";"7386.29980";"-118053.44";"0.00";"IST";"End Of Friday (Time)";"1d 5h 40m";"-183.12"
"532";"USTEC_ICM_UTC2";"Buy";"7320.2";"7237.7";"2019.05.28 16:30:00";"2019.05.29 04:41:00";"30.0";"-2658.12";"7237.70020";"7402.70020";"-120711.56";"0.00";"IST";"SL";"12h 11m";"-183.12"
"533";"USTEC_ICM_UTC2";"Buy";"7236.7";"7154.2";"2019.05.29 17:15:00";"2019.05.31 10:49:00";"30.0";"-2841.24";"7154.20020";"7319.20020";"-123552.80";"0.00";"IST";"SL";"1d 17h 34m";"-366.24"
"534";"USTEC_ICM_UTC2";"Buy";"7142.8";"7134.0";"2019.05.31 17:15:00";"2019.05.31 22:55:00";"30.0";"-264.00";"7060.29980";"7225.29980";"-123816.80";"0.00";"IST";"End Of Friday (Time)";"5h 40m";"-0.00"
"535";"USTEC_ICM_UTC2";"Buy";"7054.5";"6972.0";"2019.06.03 17:15:00";"2019.06.03 20:31:00";"30.0";"-2475.00";"6972.00000";"7137.00000";"-126291.80";"0.00";"IST";"SL";"3h 16m";"-0.00"
"536";"USTEC_ICM_UTC2";"Buy";"7035.5";"7118.0";"2019.06.04 16:45:00";"2019.06.04 18:23:00";"30.0";"2475.00";"6953.00000";"7118.00000";"-123816.80";"0.00";"IST";"PT";"1h 38m";"-0.00"
"537";"USTEC_ICM_UTC2";"Buy";"7179.8";"7262.3";"2019.06.05 18:15:00";"2019.06.06 21:34:00";"30.0";"2291.88";"7097.29980";"7262.29980";"-121524.92";"0.00";"IST";"PT";"1d 3h 19m";"-183.12"
"538";"USTEC_ICM_UTC2";"Buy";"7280.5";"7363.0";"2019.06.06 22:45:00";"2019.06.07 16:57:00";"30.0";"2291.88";"7198.00000";"7363.00000";"-119233.04";"0.00";"IST";"PT";"18h 12m";"-183.12"
"539";"USTEC_ICM_UTC2";"Buy";"7440.9";"7412.9";"2019.06.07 18:00:00";"2019.06.07 22:55:00";"30.0";"-840.00";"7358.39990";"7523.39990";"-120073.04";"0.00";"IST";"End Of Friday (Time)";"4h 55m";"-0.00"
"540";"USTEC_ICM_UTC2";"Buy";"7463.5";"7546.0";"2019.06.10 16:30:00";"2019.06.10 17:47:00";"30.0";"2475.00";"7381.00000";"7546.00000";"-117598.04";"0.00";"IST";"PT";"1h 17m";"-0.00"
"541";"USTEC_ICM_UTC2";"Buy";"7555.6";"7473.1";"2019.06.11 17:15:00";"2019.06.12 09:43:00";"30.0";"-2658.12";"7473.10010";"7638.10010";"-120256.16";"0.00";"IST";"SL";"16h 28m";"-183.12"
"542";"USTEC_ICM_UTC2";"Buy";"7481.4";"7489.0";"2019.06.12 17:15:00";"2019.06.14 22:55:00";"30.0";"-138.24";"7398.89990";"7563.89990";"-120394.40";"0.00";"IST";"End Of Friday (Time)";"2d 5h 40m";"-366.24"
"543";"USTEC_ICM_UTC2";"Buy";"7495.0";"7577.5";"2019.06.17 16:30:00";"2019.06.18 11:40:00";"30.0";"2291.88";"7412.50000";"7577.50000";"-118102.52";"0.00";"IST";"PT";"19h 10m";"-183.12"
"544";"USTEC_ICM_UTC2";"Buy";"7612.1";"7694.6";"2019.06.18 16:30:00";"2019.06.20 02:46:00";"30.0";"2108.76";"7529.60010";"7694.60010";"-115993.76";"0.00";"IST";"PT";"1d 10h 16m";"-366.24"
"545";"USTEC_ICM_UTC2";"Buy";"7762.0";"7679.5";"2019.06.20 17:00:00";"2019.06.20 19:19:00";"30.0";"-2475.00";"7679.50000";"7844.50000";"-118468.76";"0.00";"IST";"SL";"2h 19m";"-0.00"
"546";"USTEC_ICM_UTC2";"Buy";"7725.5";"7731.3";"2019.06.21 17:00:00";"2019.06.21 22:55:00";"30.0";"174.00";"7643.00000";"7808.00000";"-118294.76";"0.00";"IST";"End Of Friday (Time)";"5h 55m";"-0.00"
"547";"USTEC_ICM_UTC2";"Buy";"7741.1";"7658.6";"2019.06.24 18:15:00";"2019.06.25 17:50:00";"30.0";"-2658.12";"7658.60010";"7823.60010";"-120952.88";"0.00";"IST";"SL";"23h 35m";"-183.12"
"548";"USTEC_ICM_UTC2";"Buy";"7660.1";"7649.8";"2019.06.25 18:00:00";"2019.06.28 22:55:00";"30.0";"-858.36";"7577.60010";"7742.60010";"-121811.24";"0.00";"IST";"End Of Friday (Time)";"3d 4h 55m";"-549.36"
"549";"USTEC_ICM_UTC2";"Buy";"7799.3";"7881.8";"2019.07.01 17:15:00";"2019.07.05 01:02:00";"30.0";"1742.52";"7716.79980";"7881.79980";"-120068.72";"0.00";"IST";"PT";"3d 7h 47m";"-732.48"
"550";"USTEC_ICM_UTC2";"Buy";"7802.9";"7834.8";"2019.07.05 16:45:00";"2019.07.05 22:55:00";"30.0";"957.00";"7720.39990";"7885.39990";"-119111.72";"0.00";"IST";"End Of Friday (Time)";"6h 10m";"-0.00"
"551";"USTEC_ICM_UTC2";"Buy";"7773.8";"7856.3";"2019.07.08 17:15:00";"2019.07.10 15:33:00";"30.0";"2108.76";"7691.29980";"7856.29980";"-117002.96";"0.00";"IST";"PT";"1d 22h 18m";"-366.24"
"552";"USTEC_ICM_UTC2";"Buy";"7898.9";"7938.2";"2019.07.10 16:45:00";"2019.07.12 22:55:00";"30.0";"812.76";"7816.39990";"7981.39990";"-116190.20";"0.00";"IST";"End Of Friday (Time)";"2d 6h 10m";"-366.24"
"553";"USTEC_ICM_UTC2";"Buy";"7948.8";"7866.3";"2019.07.15 17:00:00";"2019.07.17 23:08:00";"30.0";"-2841.24";"7866.29980";"8031.29980";"-119031.44";"0.00";"IST";"SL";"2d 6h 8m";"-366.24"
"554";"USTEC_ICM_UTC2";"Buy";"7875.9";"7958.4";"2019.07.18 17:15:00";"2019.07.19 16:28:00";"30.0";"2291.88";"7793.39990";"7958.39990";"-116739.56";"0.00";"IST";"PT";"23h 13m";"-183.12"
"555";"USTEC_ICM_UTC2";"Buy";"7931.8";"7849.3";"2019.07.19 17:00:00";"2019.07.19 22:18:00";"30.0";"-2475.00";"7849.29980";"8014.29980";"-119214.56";"0.00";"IST";"SL";"5h 18m";"-0.00"
"556";"USTEC_ICM_UTC2";"Buy";"7881.3";"7963.8";"2019.07.22 18:15:00";"2019.07.23 23:09:00";"30.0";"2291.88";"7798.79980";"7963.79980";"-116922.68";"0.00";"IST";"PT";"1d 4h 54m";"-183.12"
"557";"USTEC_ICM_UTC2";"Buy";"7924.0";"8006.5";"2019.07.24 16:30:00";"2019.07.24 22:14:00";"30.0";"2475.00";"7841.50000";"8006.50000";"-114447.68";"0.00";"IST";"PT";"5h 44m";"-0.00"
"558";"USTEC_ICM_UTC2";"Buy";"7981.8";"8022.1";"2019.07.25 16:30:00";"2019.07.26 22:55:00";"30.0";"1025.88";"7899.29980";"8064.29980";"-113421.80";"0.00";"IST";"End Of Friday (Time)";"1d 6h 25m";"-183.12"
"559";"USTEC_ICM_UTC2";"Buy";"7960.1";"7877.6";"2019.07.29 18:15:00";"2019.07.31 21:45:00";"30.0";"-2841.24";"7877.60010";"8042.60010";"-116263.04";"0.00";"IST";"SL";"2d 3h 30m";"-366.24"
"560";"USTEC_ICM_UTC2";"Buy";"7982.2";"7899.7";"2019.08.01 18:15:00";"2019.08.01 20:34:00";"30.0";"-2475.00";"7899.70020";"8064.70020";"-118738.04";"0.00";"IST";"SL";"2h 19m";"-0.00"
"561";"USTEC_ICM_UTC2";"Buy";"7677.3";"7679.5";"2019.08.02 18:15:00";"2019.08.02 22:55:00";"30.0";"66.00";"7594.79980";"7759.79980";"-118672.04";"0.00";"IST";"End Of Friday (Time)";"4h 40m";"-0.00"
"562";"USTEC_ICM_UTC2";"Buy";"7499.3";"7416.8";"2019.08.05 18:15:00";"2019.08.05 19:58:00";"30.0";"-2475.00";"7416.79980";"7581.79980";"-121147.04";"0.00";"IST";"SL";"1h 43m";"-0.00"
"563";"USTEC_ICM_UTC2";"Buy";"7497.1";"7414.6";"2019.08.06 17:45:00";"2019.08.07 16:12:00";"30.0";"-2658.12";"7414.60010";"7579.60010";"-123805.16";"0.00";"IST";"SL";"22h 27m";"-183.12"
"564";"USTEC_ICM_UTC2";"Buy";"7439.5";"7522.0";"2019.08.07 16:30:00";"2019.08.07 17:51:00";"30.0";"2475.00";"7357.00000";"7522.00000";"-121330.16";"0.00";"IST";"PT";"1h 21m";"-0.00"
"565";"USTEC_ICM_UTC2";"Buy";"7659.8";"7659.1";"2019.08.08 18:30:00";"2019.08.09 22:55:00";"30.0";"-204.12";"7577.29980";"7742.29980";"-121534.28";"0.00";"IST";"End Of Friday (Time)";"1d 4h 25m";"-183.12"
"566";"USTEC_ICM_UTC2";"Buy";"7612.1";"7529.6";"2019.08.12 17:30:00";"2019.08.12 21:59:00";"30.0";"-2475.00";"7529.60010";"7694.60010";"-124009.28";"0.00";"IST";"SL";"4h 29m";"-0.00"
"567";"USTEC_ICM_UTC2";"Buy";"7721.1";"7638.6";"2019.08.13 18:00:00";"2019.08.14 14:41:00";"30.0";"-2658.12";"7638.60010";"7803.60010";"-126667.40";"0.00";"IST";"SL";"20h 41m";"-183.12"
"568";"USTEC_ICM_UTC2";"Buy";"7513.2";"7430.7";"2019.08.14 19:15:00";"2019.08.15 13:07:00";"30.0";"-2658.12";"7430.70020";"7595.70020";"-129325.52";"0.00";"IST";"SL";"17h 52m";"-183.12"
"569";"USTEC_ICM_UTC2";"Buy";"7505.4";"7587.9";"2019.08.15 16:30:00";"2019.08.16 12:07:00";"30.0";"2291.88";"7422.89990";"7587.89990";"-127033.64";"0.00";"IST";"PT";"19h 37m";"-183.12"
"570";"USTEC_ICM_UTC2";"Buy";"7598.4";"7609.9";"2019.08.16 19:30:00";"2019.08.16 22:55:00";"30.0";"345.00";"7515.89990";"7680.89990";"-126688.64";"0.00";"IST";"End Of Friday (Time)";"3h 25m";"-0.00"
"571";"USTEC_ICM_UTC2";"Buy";"7708.6";"7626.1";"2019.08.19 17:45:00";"2019.08.23 16:50:00";"30.0";"-3207.48";"7626.10010";"7791.10010";"-129896.13";"0.00";"IST";"SL";"3d 23h 5m";"-732.48"
"572";"USTEC_ICM_UTC2";"Buy";"7648.5";"7566.0";"2019.08.23 17:00:00";"2019.08.23 18:09:00";"30.0";"-2475.00";"7566.00000";"7731.00000";"-132371.13";"0.00";"IST";"SL";"1h 9m";"-0.00"
"573";"USTEC_ICM_UTC2";"Buy";"7619.7";"7537.2";"2019.08.27 17:15:00";"2019.08.27 19:53:00";"30.0";"-2475.00";"7537.20020";"7702.20020";"-134846.13";"0.00";"IST";"SL";"2h 38m";"-0.00"
"574";"USTEC_ICM_UTC2";"Buy";"7587.2";"7669.7";"2019.08.28 18:45:00";"2019.08.29 12:03:00";"30.0";"2291.88";"7504.70020";"7669.70020";"-132554.23";"0.00";"IST";"PT";"17h 18m";"-183.12"
"575";"USTEC_ICM_UTC2";"Buy";"7699.3";"7675.8";"2019.08.29 18:15:00";"2019.08.30 22:55:00";"30.0";"-888.12";"7616.79980";"7781.79980";"-133442.36";"0.00";"IST";"End Of Friday (Time)";"1d 4h 40m";"-183.12"
"576";"USTEC_ICM_UTC2";"Buy";"7616.6";"7699.1";"2019.09.02 19:30:00";"2019.09.04 09:11:00";"30.0";"2108.76";"7534.10010";"7699.10010";"-131333.59";"0.00";"IST";"PT";"1d 13h 41m";"-366.24"
"577";"USTEC_ICM_UTC2";"Buy";"7697.0";"7779.5";"2019.09.04 19:00:00";"2019.09.05 04:31:00";"30.0";"2291.88";"7614.50000";"7779.50000";"-129041.72";"0.00";"IST";"PT";"9h 31m";"-183.12"
"578";"USTEC_ICM_UTC2";"Buy";"7858.0";"7852.9";"2019.09.05 17:15:00";"2019.09.06 22:55:00";"30.0";"-336.12";"7775.50000";"7940.50000";"-129377.84";"0.00";"IST";"End Of Friday (Time)";"1d 5h 40m";"-183.12"
"579";"USTEC_ICM_UTC2";"Buy";"7851.2";"7768.7";"2019.09.09 17:15:00";"2019.09.10 16:35:00";"30.0";"-2658.12";"7768.70020";"7933.70020";"-132035.97";"0.00";"IST";"SL";"23h 20m";"-183.12"
"580";"USTEC_ICM_UTC2";"Buy";"7755.5";"7838.0";"2019.09.10 16:45:00";"2019.09.11 07:05:00";"30.0";"2291.88";"7673.00000";"7838.00000";"-129744.08";"0.00";"IST";"PT";"14h 20m";"-183.12"
"581";"USTEC_ICM_UTC2";"Buy";"7861.9";"7944.4";"2019.09.11 17:15:00";"2019.09.12 02:26:00";"30.0";"2291.88";"7779.39990";"7944.39990";"-127452.20";"0.00";"IST";"PT";"9h 11m";"-183.12"
"582";"USTEC_ICM_UTC2";"Buy";"7931.5";"7895.0";"2019.09.12 16:30:00";"2019.09.13 22:55:00";"30.0";"-1278.12";"7849.00000";"8014.00000";"-128730.32";"0.00";"IST";"End Of Friday (Time)";"1d 6h 25m";"-183.12"
"583";"USTEC_ICM_UTC2";"Buy";"7837.0";"7919.5";"2019.09.16 16:30:00";"2019.09.19 16:32:00";"30.0";"1925.64";"7754.50000";"7919.50000";"-126804.68";"0.00";"IST";"PT";"3d 0h 2m";"-549.36"
"584";"USTEC_ICM_UTC2";"Buy";"7935.3";"7852.8";"2019.09.19 16:45:00";"2019.09.20 20:13:00";"30.0";"-2658.12";"7852.79980";"8017.79980";"-129462.80";"0.00";"IST";"SL";"1d 3h 28m";"-183.12"
"585";"USTEC_ICM_UTC2";"Buy";"7839.8";"7829.9";"2019.09.20 22:00:00";"2019.09.20 22:55:00";"30.0";"-297.00";"7757.29980";"7922.29980";"-129759.80";"0.00";"IST";"End Of Friday (Time)";"55m 0s";"-0.00"
"586";"USTEC_ICM_UTC2";"Buy";"7815.5";"7733.0";"2019.09.23 17:00:00";"2019.09.24 19:23:00";"30.0";"-2658.12";"7733.00000";"7898.00000";"-132417.92";"0.00";"IST";"SL";"1d 2h 23m";"-183.12"
"587";"USTEC_ICM_UTC2";"Buy";"7728.6";"7646.1";"2019.09.24 19:30:00";"2019.09.25 17:01:00";"30.0";"-2658.12";"7646.10010";"7811.10010";"-135076.05";"0.00";"IST";"SL";"21h 31m";"-183.12"
"588";"USTEC_ICM_UTC2";"Buy";"7681.3";"7763.8";"2019.09.25 17:15:00";"2019.09.25 20:54:00";"30.0";"2475.00";"7598.79980";"7763.79980";"-132601.05";"0.00";"IST";"PT";"3h 39m";"-0.00"
"589";"USTEC_ICM_UTC2";"Buy";"7794.1";"7711.6";"2019.09.26 16:30:00";"2019.09.27 18:38:00";"30.0";"-2658.12";"7711.60010";"7876.60010";"-135259.16";"0.00";"IST";"SL";"1d 2h 8m";"-183.12"
"590";"USTEC_ICM_UTC2";"Buy";"7714.7";"7632.2";"2019.09.27 18:45:00";"2019.09.27 21:50:00";"30.0";"-2475.00";"7632.20020";"7797.20020";"-137734.16";"0.00";"IST";"SL";"3h 5m";"-0.00"
"591";"USTEC_ICM_UTC2";"Buy";"7719.7";"7802.2";"2019.09.30 17:30:00";"2019.10.01 09:17:00";"30.0";"2291.88";"7637.20020";"7802.20020";"-135442.28";"0.00";"IST";"PT";"15h 47m";"-183.12"
"592";"USTEC_ICM_UTC2";"Buy";"7747.0";"7664.5";"2019.10.01 17:45:00";"2019.10.02 10:11:00";"30.0";"-2658.12";"7664.50000";"7829.50000";"-138100.41";"0.00";"IST";"SL";"16h 26m";"-183.12"
"593";"USTEC_ICM_UTC2";"Buy";"7635.2";"7552.7";"2019.10.02 16:30:00";"2019.10.02 17:41:00";"30.0";"-2475.00";"7552.70020";"7717.70020";"-140575.41";"0.00";"IST";"SL";"1h 11m";"-0.00"
"594";"USTEC_ICM_UTC2";"Buy";"7587.3";"7669.8";"2019.10.03 18:15:00";"2019.10.04 08:14:00";"30.0";"2291.88";"7504.79980";"7669.79980";"-138283.52";"0.00";"IST";"PT";"13h 59m";"-183.12"
"595";"USTEC_ICM_UTC2";"Buy";"7674.5";"7757.0";"2019.10.04 16:30:00";"2019.10.04 22:49:00";"30.0";"2475.00";"7592.00000";"7757.00000";"-135808.52";"0.00";"IST";"PT";"6h 19m";"-0.00"
"596";"USTEC_ICM_UTC2";"Buy";"7770.2";"7687.7";"2019.10.07 18:45:00";"2019.10.08 13:09:00";"30.0";"-2658.12";"7687.70020";"7852.70020";"-138466.64";"0.00";"IST";"SL";"18h 24m";"-183.12"
"597";"USTEC_ICM_UTC2";"Buy";"7649.1";"7731.6";"2019.10.08 18:15:00";"2019.10.10 16:51:00";"30.0";"2108.76";"7566.60010";"7731.60010";"-136357.88";"0.00";"IST";"PT";"1d 22h 36m";"-366.24"
"598";"USTEC_ICM_UTC2";"Buy";"7764.1";"7846.6";"2019.10.10 18:00:00";"2019.10.11 14:26:00";"30.0";"2291.88";"7681.60010";"7846.60010";"-134066.00";"0.00";"IST";"PT";"20h 26m";"-183.12"
"599";"USTEC_ICM_UTC2";"Buy";"7881.2";"7853.3";"2019.10.11 17:30:00";"2019.10.11 22:55:00";"30.0";"-837.00";"7798.70020";"7963.70020";"-134903.00";"0.00";"IST";"End Of Friday (Time)";"5h 25m";"-0.00"
"600";"USTEC_ICM_UTC2";"Buy";"7858.7";"7941.2";"2019.10.14 17:45:00";"2019.10.15 17:59:00";"30.0";"2291.88";"7776.20020";"7941.20020";"-132611.13";"0.00";"IST";"PT";"1d 0h 14m";"-183.12"
"601";"USTEC_ICM_UTC2";"Buy";"7931.3";"7848.8";"2019.10.15 18:15:00";"2019.10.18 19:17:00";"30.0";"-3024.36";"7848.79980";"8013.79980";"-135635.48";"0.00";"IST";"SL";"3d 1h 2m";"-549.36"
"602";"USTEC_ICM_UTC2";"Buy";"7905.5";"7823.0";"2019.10.21 16:30:00";"2019.10.23 03:01:00";"30.0";"-2841.24";"7823.00000";"7988.00000";"-138476.72";"0.00";"IST";"SL";"1d 10h 31m";"-366.24"
"603";"USTEC_ICM_UTC2";"Buy";"7859.9";"7942.4";"2019.10.23 17:15:00";"2019.10.24 15:08:00";"30.0";"2291.88";"7777.39990";"7942.39990";"-136184.84";"0.00";"IST";"PT";"21h 53m";"-183.12"
"604";"USTEC_ICM_UTC2";"Buy";"7947.0";"8029.5";"2019.10.24 16:30:00";"2019.10.25 18:25:00";"30.0";"2291.88";"7864.50000";"8029.50000";"-133892.97";"0.00";"IST";"PT";"1d 1h 55m";"-183.12"
"605";"USTEC_ICM_UTC2";"Buy";"8026.7";"8022.3";"2019.10.25 18:30:00";"2019.10.25 22:55:00";"30.0";"-132.00";"7944.20020";"8109.20020";"-134024.97";"0.00";"IST";"End Of Friday (Time)";"4h 25m";"-0.00"
"606";"USTEC_ICM_UTC2";"Buy";"8095.5";"8013.0";"2019.10.28 16:30:00";"2019.10.30 16:04:00";"30.0";"-2841.24";"8013.00000";"8178.00000";"-136866.20";"0.00";"IST";"SL";"1d 23h 34m";"-366.24"
"607";"USTEC_ICM_UTC2";"Buy";"8045.7";"8128.2";"2019.10.30 17:30:00";"2019.10.31 10:16:00";"30.0";"2291.88";"7963.20020";"8128.20020";"-134574.33";"0.00";"IST";"PT";"16h 46m";"-183.12"
"608";"USTEC_ICM_UTC2";"Buy";"8058.5";"8141.0";"2019.10.31 16:30:00";"2019.11.01 15:55:00";"30.0";"2291.88";"7976.00000";"8141.00000";"-132282.44";"0.00";"IST";"PT";"23h 25m";"-183.12"
"609";"USTEC_ICM_UTC2";"Buy";"8147.4";"8229.9";"2019.11.01 16:30:00";"2019.11.05 01:34:00";"30.0";"1742.52";"8064.89990";"8229.90039";"-130539.92";"0.00";"IST";"PT";"3d 9h 4m";"-732.48"
"610";"USTEC_ICM_UTC2";"Buy";"8201.3";"8248.4";"2019.11.05 17:30:00";"2019.11.08 22:55:00";"30.0";"863.67";"8118.79980";"8283.79980";"-129676.25";"0.00";"IST";"End Of Friday (Time)";"3d 5h 25m";"-549.36"
"611";"USTEC_ICM_UTC2";"Buy";"8223.6";"8306.1";"2019.11.11 17:15:00";"2019.11.15 16:28:00";"30.0";"1742.52";"8141.10010";"8306.09961";"-127933.73";"0.00";"IST";"PT";"3d 23h 13m";"-732.48"
"612";"USTEC_ICM_UTC2";"Buy";"8296.3";"8307.9";"2019.11.15 17:15:00";"2019.11.15 22:55:00";"30.0";"348.03";"8213.79980";"8378.79980";"-127585.70";"0.00";"IST";"End Of Friday (Time)";"5h 40m";"-0.00"
"613";"USTEC_ICM_UTC2";"Buy";"8307.4";"8224.9";"2019.11.18 16:30:00";"2019.11.20 20:16:00";"30.0";"-2841.24";"8224.90039";"8389.90039";"-130426.95";"0.00";"IST";"SL";"2d 3h 46m";"-366.24"
"614";"USTEC_ICM_UTC2";"Buy";"8238.2";"8264.7";"2019.11.20 20:30:00";"2019.11.22 22:55:00";"30.0";"428.76";"8155.70020";"8320.70020";"-129998.18";"0.00";"IST";"End Of Friday (Time)";"2d 2h 25m";"-366.24"
"615";"USTEC_ICM_UTC2";"Buy";"8351.4";"8433.9";"2019.11.25 17:15:00";"2019.11.27 19:04:00";"30.0";"2108.76";"8268.90039";"8433.90039";"-127889.42";"0.00";"IST";"PT";"2d 1h 49m";"-366.24"
"616";"USTEC_ICM_UTC2";"Buy";"8437.2";"8354.7";"2019.11.27 19:15:00";"2019.12.02 16:40:00";"30.0";"-3390.60";"8354.70020";"8519.70020";"-131280.02";"0.00";"IST";"SL";"4d 21h 25m";"-915.60"
"617";"USTEC_ICM_UTC2";"Buy";"8295.0";"8212.5";"2019.12.02 18:30:00";"2019.12.03 16:04:00";"30.0";"-2658.12";"8212.50000";"8377.50000";"-133938.14";"0.00";"IST";"SL";"21h 34m";"-183.12"
"618";"USTEC_ICM_UTC2";"Buy";"8207.6";"8290.1";"2019.12.03 16:30:00";"2019.12.04 11:08:00";"30.0";"2291.88";"8125.10010";"8290.09961";"-131646.27";"0.00";"IST";"PT";"18h 38m";"-183.12"
"619";"USTEC_ICM_UTC2";"Buy";"8305.4";"8387.9";"2019.12.04 17:15:00";"2019.12.06 16:46:00";"30.0";"2108.76";"8222.90039";"8387.90039";"-129537.50";"0.00";"IST";"PT";"1d 23h 31m";"-366.24"
"620";"USTEC_ICM_UTC2";"Buy";"8383.5";"8396.3";"2019.12.06 17:15:00";"2019.12.06 22:55:00";"30.0";"384.00";"8301.00000";"8466.00000";"-129153.50";"0.00";"IST";"End Of Friday (Time)";"5h 40m";"-0.00"
"621";"USTEC_ICM_UTC2";"Buy";"8418.3";"8335.8";"2019.12.09 17:15:00";"2019.12.10 10:50:00";"30.0";"-2658.12";"8335.79980";"8500.79980";"-131811.63";"0.00";"IST";"SL";"17h 35m";"-183.12"
"622";"USTEC_ICM_UTC2";"Buy";"8360.1";"8442.6";"2019.12.10 17:00:00";"2019.12.12 16:39:00";"30.0";"2108.76";"8277.59961";"8442.59961";"-129702.87";"0.00";"IST";"PT";"1d 23h 39m";"-366.24"
"623";"USTEC_ICM_UTC2";"Buy";"8459.8";"8486.2";"2019.12.12 17:00:00";"2019.12.13 22:55:00";"30.0";"608.88";"8377.29980";"8542.29980";"-129093.98";"0.00";"IST";"End Of Friday (Time)";"1d 5h 55m";"-183.12"
"624";"USTEC_ICM_UTC2";"Buy";"8574.8";"8657.3";"2019.12.16 17:15:00";"2019.12.20 15:10:00";"30.0";"1742.52";"8492.29980";"8657.29980";"-127351.46";"0.00";"IST";"PT";"3d 21h 55m";"-732.48"
"625";"USTEC_ICM_UTC2";"Buy";"8657.5";"8679.3";"2019.12.20 17:00:00";"2019.12.20 22:55:00";"30.0";"654.00";"8575.00000";"8740.00000";"-126697.46";"0.00";"IST";"End Of Friday (Time)";"5h 55m";"-0.00"
"626";"USTEC_ICM_UTC2";"Buy";"8698.0";"8780.5";"2019.12.23 17:00:00";"2019.12.27 01:20:00";"30.0";"1742.52";"8615.50000";"8780.50000";"-124954.95";"0.00";"IST";"PT";"3d 8h 20m";"-732.48"
"627";"USTEC_ICM_UTC2";"Buy";"8806.4";"8762.6";"2019.12.27 16:30:00";"2019.12.27 22:55:00";"30.0";"-1314.03";"8723.90039";"8888.90039";"-126268.98";"0.00";"IST";"End Of Friday (Time)";"6h 25m";"-0.00"
"628";"USTEC_ICM_UTC2";"Buy";"8703.0";"8785.5";"2019.12.30 16:45:00";"2020.01.02 11:03:00";"30.0";"1925.64";"8620.50000";"8785.50000";"-124343.34";"0.00";"IST";"PT";"2d 18h 18m";"-549.36"
"629";"USTEC_ICM_UTC2";"Buy";"8821.9";"8739.4";"2020.01.02 16:45:00";"2020.01.03 12:49:00";"30.0";"-2658.12";"8739.40039";"8904.40039";"-127001.45";"0.00";"IST";"SL";"20h 4m";"-183.12"
"630";"USTEC_ICM_UTC2";"Buy";"8753.1";"8835.6";"2020.01.03 16:30:00";"2020.01.03 19:06:00";"30.0";"2475.00";"8670.59961";"8835.59961";"-124526.45";"0.00";"IST";"PT";"2h 36m";"-0.00"
"631";"USTEC_ICM_UTC2";"Buy";"8808.6";"8726.1";"2020.01.06 18:00:00";"2020.01.08 01:40:00";"30.0";"-2841.24";"8726.09961";"8891.09961";"-127367.70";"0.00";"IST";"SL";"1d 7h 40m";"-366.24"
"632";"USTEC_ICM_UTC2";"Buy";"8855.6";"8938.1";"2020.01.08 18:00:00";"2020.01.08 22:01:00";"30.0";"2475.00";"8773.09961";"8938.09961";"-124892.70";"0.00";"IST";"PT";"4h 1m";"-0.00"
"633";"USTEC_ICM_UTC2";"Buy";"8986.5";"8966.9";"2020.01.09 17:00:00";"2020.01.10 22:55:00";"30.0";"-771.12";"8904.00000";"9069.00000";"-125663.81";"0.00";"IST";"End Of Friday (Time)";"1d 5h 55m";"-183.12"
"634";"USTEC_ICM_UTC2";"Buy";"9021.2";"9103.7";"2020.01.13 18:15:00";"2020.01.16 22:35:00";"30.0";"1925.64";"8938.70020";"9103.70020";"-123738.17";"0.00";"IST";"PT";"3d 4h 20m";"-549.36"
"635";"USTEC_ICM_UTC2";"Buy";"9162.9";"9171.5";"2020.01.17 16:30:00";"2020.01.17 22:55:00";"30.0";"258.00";"9080.40039";"9245.40039";"-123480.17";"0.00";"IST";"End Of Friday (Time)";"6h 25m";"-0.00"
"636";"USTEC_ICM_UTC2";"Buy";"9154.8";"9237.3";"2020.01.20 18:15:00";"2020.01.22 17:40:00";"30.0";"2108.76";"9072.29980";"9237.29980";"-121371.41";"0.00";"IST";"PT";"1d 23h 25m";"-366.24"
"637";"USTEC_ICM_UTC2";"Buy";"9208.9";"9126.4";"2020.01.22 18:15:00";"2020.01.24 20:52:00";"30.0";"-2841.24";"9126.40039";"9291.40039";"-124212.66";"0.00";"IST";"SL";"2d 2h 37m";"-366.24"
"638";"USTEC_ICM_UTC2";"Buy";"8967.6";"9050.1";"2020.01.27 19:00:00";"2020.01.28 17:34:00";"30.0";"2291.88";"8885.09961";"9050.09961";"-121920.77";"0.00";"IST";"PT";"22h 34m";"-183.12"
"639";"USTEC_ICM_UTC2";"Buy";"9063.4";"9145.9";"2020.01.28 18:15:00";"2020.01.29 13:59:00";"30.0";"2291.88";"8980.90039";"9145.90039";"-119628.89";"0.00";"IST";"PT";"19h 44m";"-183.12"
"640";"USTEC_ICM_UTC2";"Buy";"9111.8";"9029.3";"2020.01.29 18:15:00";"2020.01.30 09:00:00";"30.0";"-2658.12";"9029.29980";"9194.29980";"-122287.02";"0.00";"IST";"SL";"14h 45m";"-183.12"
"641";"USTEC_ICM_UTC2";"Buy";"9077.4";"9159.9";"2020.01.30 17:00:00";"2020.01.30 23:01:00";"30.0";"2475.00";"8994.90039";"9159.90039";"-119812.02";"0.00";"IST";"PT";"6h 1m";"-0.00"
"642";"USTEC_ICM_UTC2";"Buy";"9024.2";"8998.3";"2020.01.31 18:30:00";"2020.01.31 22:55:00";"30.0";"-777.00";"8941.70020";"9106.70020";"-120589.02";"0.00";"IST";"End Of Friday (Time)";"4h 25m";"-0.00"
"643";"USTEC_ICM_UTC2";"Buy";"9134.3";"9216.8";"2020.02.03 17:15:00";"2020.02.04 10:28:00";"30.0";"2291.88";"9051.79980";"9216.79980";"-118297.13";"0.00";"IST";"PT";"17h 13m";"-183.12"
"644";"USTEC_ICM_UTC2";"Buy";"9249.8";"9332.3";"2020.02.04 17:15:00";"2020.02.04 21:03:00";"30.0";"2475.00";"9167.29980";"9332.29980";"-115822.13";"0.00";"IST";"PT";"3h 48m";"-0.00"
"645";"USTEC_ICM_UTC2";"Buy";"9364.1";"9446.6";"2020.02.05 17:15:00";"2020.02.06 08:06:00";"30.0";"2291.88";"9281.59961";"9446.59961";"-113530.26";"0.00";"IST";"PT";"14h 51m";"-183.12"
"646";"USTEC_ICM_UTC2";"Buy";"9443.6";"9394.0";"2020.02.06 19:45:00";"2020.02.07 22:55:00";"30.0";"-1671.12";"9361.09961";"9526.09961";"-115201.38";"0.00";"IST";"End Of Friday (Time)";"1d 3h 10m";"-183.12"
"647";"USTEC_ICM_UTC2";"Buy";"9450.5";"9533.0";"2020.02.10 18:00:00";"2020.02.11 02:43:00";"30.0";"2291.88";"9368.00000";"9533.00000";"-112909.49";"0.00";"IST";"PT";"8h 43m";"-183.12"
"648";"USTEC_ICM_UTC2";"Buy";"9579.6";"9497.1";"2020.02.11 17:15:00";"2020.02.11 22:18:00";"30.0";"-2475.00";"9497.09961";"9662.09961";"-115384.49";"0.00";"IST";"SL";"5h 3m";"-0.00"
"649";"USTEC_ICM_UTC2";"Buy";"9561.3";"9643.8";"2020.02.12 17:45:00";"2020.02.14 05:02:00";"30.0";"2108.76";"9478.79980";"9643.79980";"-113275.73";"0.00";"IST";"PT";"1d 11h 17m";"-366.24"
"650";"USTEC_ICM_UTC2";"Buy";"9611.2";"9618.1";"2020.02.14 16:30:00";"2020.02.14 22:55:00";"30.0";"206.97";"9528.70020";"9693.70020";"-113068.77";"0.00";"IST";"End Of Friday (Time)";"6h 25m";"-0.00"
"651";"USTEC_ICM_UTC2";"Buy";"9652.7";"9570.2";"2020.02.17 17:15:00";"2020.02.18 03:14:00";"30.0";"-2658.12";"9570.20020";"9735.20020";"-115726.88";"0.00";"IST";"SL";"9h 59m";"-183.12"
"652";"USTEC_ICM_UTC2";"Buy";"9594.8";"9677.3";"2020.02.18 16:45:00";"2020.02.19 16:05:00";"30.0";"2291.88";"9512.29980";"9677.29980";"-113435.01";"0.00";"IST";"PT";"23h 20m";"-183.12"
"653";"USTEC_ICM_UTC2";"Buy";"9692.1";"9609.6";"2020.02.19 16:45:00";"2020.02.20 18:26:00";"30.0";"-2658.12";"9609.59961";"9774.59961";"-116093.13";"0.00";"IST";"SL";"1d 1h 41m";"-183.12"
"654";"USTEC_ICM_UTC2";"Buy";"9596.3";"9513.8";"2020.02.20 18:30:00";"2020.02.20 18:32:00";"30.0";"-2475.00";"9513.79980";"9678.79980";"-118568.13";"0.00";"IST";"SL";"2m 0s";"-0.00"
"655";"USTEC_ICM_UTC2";"Buy";"9477.6";"9452.1";"2020.02.21 17:45:00";"2020.02.21 22:55:00";"30.0";"-765.00";"9395.09961";"9560.09961";"-119333.13";"0.00";"IST";"End Of Friday (Time)";"5h 10m";"-0.00"
"656";"USTEC_ICM_UTC2";"Buy";"9136.6";"9054.1";"2020.02.24 17:30:00";"2020.02.24 20:09:00";"30.0";"-2475.00";"9054.09961";"9219.09961";"-121808.13";"0.00";"IST";"SL";"2h 39m";"-0.00"
"657";"USTEC_ICM_UTC2";"Buy";"9151.6";"9069.1";"2020.02.25 16:30:00";"2020.02.25 17:24:00";"30.0";"-2475.00";"9069.09961";"9234.09961";"-124283.13";"0.00";"IST";"SL";"54m 0s";"-0.00"
"658";"USTEC_ICM_UTC2";"Buy";"8969.3";"8886.8";"2020.02.26 17:15:00";"2020.02.26 19:08:00";"30.0";"-2475.00";"8886.79980";"9051.79980";"-126758.13";"0.00";"IST";"SL";"1h 53m";"-0.00"
"659";"USTEC_ICM_UTC2";"Buy";"8694.7";"8777.2";"2020.02.27 19:00:00";"2020.02.27 19:38:00";"30.0";"2475.00";"8612.20020";"8777.20020";"-124283.13";"0.00";"IST";"PT";"38m 0s";"-0.00"
"660";"USTEC_ICM_UTC2";"Buy";"8172.5";"8255.0";"2020.02.28 17:30:00";"2020.02.28 17:53:00";"30.0";"2475.00";"8090.00000";"8255.00000";"-121808.13";"0.00";"IST";"PT";"23m 0s";"-0.00"
"661";"USTEC_ICM_UTC2";"Buy";"8480.2";"8562.7";"2020.03.02 17:30:00";"2020.03.02 17:49:00";"30.0";"2475.00";"8397.70020";"8562.70020";"-119333.13";"0.00";"IST";"PT";"19m 0s";"-0.00"
"662";"USTEC_ICM_UTC2";"Buy";"8866.9";"8949.4";"2020.03.03 17:15:00";"2020.03.03 17:45:00";"30.0";"2475.00";"8784.40039";"8949.40039";"-116858.13";"0.00";"IST";"PT";"30m 0s";"-0.00"
"663";"USTEC_ICM_UTC2";"Buy";"8748.9";"8831.4";"2020.03.04 17:15:00";"2020.03.04 20:05:00";"30.0";"2475.00";"8666.40039";"8831.40039";"-114383.13";"0.00";"IST";"PT";"2h 50m";"-0.00"
"664";"USTEC_ICM_UTC2";"Buy";"8772.2";"8854.7";"2020.03.05 17:15:00";"2020.03.05 18:13:00";"30.0";"2475.00";"8689.70020";"8854.70020";"-111908.13";"0.00";"IST";"PT";"58m 0s";"-0.00"
"665";"USTEC_ICM_UTC2";"Buy";"8386.8";"8469.3";"2020.03.06 16:30:00";"2020.03.06 17:16:00";"30.0";"2475.00";"8304.29980";"8469.29980";"-109433.13";"0.00";"IST";"PT";"46m 0s";"-0.00"
"666";"USTEC_ICM_UTC2";"Buy";"8097.0";"8179.5";"2020.03.09 17:15:00";"2020.03.09 17:37:00";"30.0";"2475.00";"8014.50000";"8179.50000";"-106958.13";"0.00";"IST";"PT";"22m 0s";"-0.00"
"667";"USTEC_ICM_UTC2";"Buy";"8123.1";"8040.6";"2020.03.10 18:15:00";"2020.03.10 18:32:00";"30.0";"-2475.00";"8040.60010";"8205.59961";"-109433.13";"0.00";"IST";"SL";"17m 0s";"-0.00"
"668";"USTEC_ICM_UTC2";"Buy";"8131.7";"8049.2";"2020.03.11 17:15:00";"2020.03.11 18:49:00";"30.0";"-2475.00";"8049.20020";"8214.20020";"-111908.13";"0.00";"IST";"SL";"1h 34m";"-0.00"
"669";"USTEC_ICM_UTC2";"Buy";"7587.0";"7504.5";"2020.03.12 17:00:00";"2020.03.12 17:11:00";"30.0";"-2475.00";"7504.50000";"7669.50000";"-114383.13";"0.00";"IST";"SL";"11m 0s";"-0.00"
"670";"USTEC_ICM_UTC2";"Buy";"7587.7";"7505.2";"2020.03.13 16:30:00";"2020.03.13 16:55:00";"30.0";"-2475.00";"7505.20020";"7670.20020";"-116858.13";"0.00";"IST";"SL";"25m 0s";"-0.00"
"671";"USTEC_ICM_UTC2";"Buy";"7268.5";"7351.0";"2020.03.16 16:30:00";"2020.03.16 16:33:00";"30.0";"2475.00";"7186.00000";"7351.00000";"-114383.13";"0.00";"IST";"PT";"3m 0s";"-0.00"
"672";"USTEC_ICM_UTC2";"Buy";"7351.8";"7434.3";"2020.03.17 17:45:00";"2020.03.17 18:00:00";"30.0";"2475.00";"7269.29980";"7434.29980";"-111908.13";"0.00";"IST";"PT";"15m 0s";"-0.00"
"673";"USTEC_ICM_UTC2";"Buy";"7130.1";"7212.6";"2020.03.18 17:30:00";"2020.03.18 17:55:00";"30.0";"2475.00";"7047.60010";"7212.60010";"-109433.13";"0.00";"IST";"PT";"25m 0s";"-0.00"
"674";"USTEC_ICM_UTC2";"Buy";"7444.1";"7361.6";"2020.03.19 17:30:00";"2020.03.19 17:58:00";"30.0";"-2475.00";"7361.60010";"7526.60010";"-111908.13";"0.00";"IST";"SL";"28m 0s";"-0.00"
"675";"USTEC_ICM_UTC2";"Buy";"7286.9";"7204.4";"2020.03.20 19:15:00";"2020.03.20 20:24:00";"30.0";"-2475.00";"7204.39990";"7369.39990";"-114383.13";"0.00";"IST";"SL";"1h 9m";"-0.00"
"676";"USTEC_ICM_UTC2";"Buy";"7017.8";"6935.3";"2020.03.23 16:30:00";"2020.03.23 16:57:00";"30.0";"-2475.00";"6935.29980";"7100.29980";"-116858.13";"0.00";"IST";"SL";"27m 0s";"-0.00"
"677";"USTEC_ICM_UTC2";"Buy";"7454.0";"7371.5";"2020.03.24 17:45:00";"2020.03.24 19:52:00";"30.0";"-2475.00";"7371.50000";"7536.50000";"-119333.13";"0.00";"IST";"SL";"2h 7m";"-0.00"
"678";"USTEC_ICM_UTC2";"Buy";"7488.6";"7571.1";"2020.03.25 16:45:00";"2020.03.25 18:04:00";"30.0";"2475.00";"7406.10010";"7571.10010";"-116858.13";"0.00";"IST";"PT";"1h 19m";"-0.00"
"679";"USTEC_ICM_UTC2";"Buy";"7674.0";"7756.5";"2020.03.26 16:30:00";"2020.03.26 17:32:00";"30.0";"2475.00";"7591.50000";"7756.50000";"-114383.13";"0.00";"IST";"PT";"1h 2m";"-0.00"
"680";"USTEC_ICM_UTC2";"Buy";"7620.7";"7703.2";"2020.03.27 18:00:00";"2020.03.27 19:35:00";"30.0";"2475.00";"7538.20020";"7703.20020";"-111908.13";"0.00";"IST";"PT";"1h 35m";"-0.00"
"681";"USTEC_ICM_UTC2";"Buy";"7755.6";"7838.1";"2020.03.30 17:15:00";"2020.03.30 18:29:00";"30.0";"2475.00";"7673.10010";"7838.10010";"-109433.13";"0.00";"IST";"PT";"1h 14m";"-0.00"
"682";"USTEC_ICM_UTC2";"Buy";"7972.4";"7889.9";"2020.03.31 18:45:00";"2020.03.31 19:26:00";"30.0";"-2475.00";"7889.89990";"8054.89990";"-111908.13";"0.00";"IST";"SL";"41m 0s";"-0.00"
"683";"USTEC_ICM_UTC2";"Buy";"7651.6";"7569.1";"2020.04.01 17:45:00";"2020.04.01 19:33:00";"30.0";"-2475.00";"7569.10010";"7734.10010";"-114383.13";"0.00";"IST";"SL";"1h 48m";"-0.00"
"684";"USTEC_ICM_UTC2";"Buy";"7457.7";"7540.2";"2020.04.02 16:45:00";"2020.04.02 17:12:00";"30.0";"2475.00";"7375.20020";"7540.20020";"-111908.13";"0.00";"IST";"PT";"27m 0s";"-0.00"
"685";"USTEC_ICM_UTC2";"Buy";"7659.6";"7577.1";"2020.04.03 16:45:00";"2020.04.03 17:28:00";"30.0";"-2475.00";"7577.10010";"7742.10010";"-114383.13";"0.00";"IST";"SL";"43m 0s";"-0.00"
"686";"USTEC_ICM_UTC2";"Buy";"7894.6";"7977.1";"2020.04.06 18:45:00";"2020.04.06 22:08:00";"30.0";"2475.00";"7812.10010";"7977.10010";"-111908.13";"0.00";"IST";"PT";"3h 23m";"-0.00"
"687";"USTEC_ICM_UTC2";"Buy";"8111.3";"8193.8";"2020.04.07 18:00:00";"2020.04.07 18:38:00";"30.0";"2475.00";"8028.79980";"8193.79980";"-109433.13";"0.00";"IST";"PT";"38m 0s";"-0.00"
"688";"USTEC_ICM_UTC2";"Buy";"8126.7";"8209.2";"2020.04.08 16:30:00";"2020.04.08 21:32:00";"30.0";"2475.00";"8044.20020";"8209.20020";"-106958.13";"0.00";"IST";"PT";"5h 2m";"-0.00"
"689";"USTEC_ICM_UTC2";"Buy";"8231.0";"8148.5";"2020.04.09 17:15:00";"2020.04.13 02:19:00";"30.0";"-3207.48";"8148.50000";"8313.50000";"-110165.60";"0.00";"IST";"SL";"3d 9h 4m";"-732.48"
"690";"USTEC_ICM_UTC2";"Buy";"8202.1";"8284.6";"2020.04.13 16:30:00";"2020.04.13 22:19:00";"30.0";"2475.00";"8119.60010";"8284.59961";"-107690.60";"0.00";"IST";"PT";"5h 49m";"-0.00"
"691";"USTEC_ICM_UTC2";"Buy";"8596.6";"8679.1";"2020.04.14 17:15:00";"2020.04.14 20:34:00";"30.0";"2475.00";"8514.09961";"8679.09961";"-105215.60";"0.00";"IST";"PT";"3h 19m";"-0.00"
"692";"USTEC_ICM_UTC2";"Buy";"8532.2";"8614.7";"2020.04.15 17:00:00";"2020.04.15 21:14:00";"30.0";"2475.00";"8449.70020";"8614.70020";"-102740.60";"0.00";"IST";"PT";"4h 14m";"-0.00"
"693";"USTEC_ICM_UTC2";"Buy";"8616.8";"8699.3";"2020.04.16 17:15:00";"2020.04.16 17:43:00";"30.0";"2475.00";"8534.29980";"8699.29980";"-100265.60";"0.00";"IST";"PT";"28m 0s";"-0.00"
"694";"USTEC_ICM_UTC2";"Buy";"8806.3";"8723.8";"2020.04.17 16:45:00";"2020.04.17 21:31:00";"30.0";"-2475.00";"8723.79980";"8888.79980";"-102740.60";"0.00";"IST";"SL";"4h 46m";"-0.00"
"695";"USTEC_ICM_UTC2";"Buy";"8800.7";"8718.2";"2020.04.20 17:30:00";"2020.04.20 23:06:00";"30.0";"-2475.00";"8718.20020";"8883.20020";"-105215.60";"0.00";"IST";"SL";"5h 36m";"-0.00"
"696";"USTEC_ICM_UTC2";"Buy";"8376.1";"8458.6";"2020.04.21 18:15:00";"2020.04.21 20:23:00";"30.0";"2475.00";"8293.59961";"8458.59961";"-102740.60";"0.00";"IST";"PT";"2h 8m";"-0.00"
"697";"USTEC_ICM_UTC2";"Buy";"8563.5";"8646.0";"2020.04.22 17:15:00";"2020.04.22 20:28:00";"30.0";"2475.00";"8481.00000";"8646.00000";"-100265.60";"0.00";"IST";"PT";"3h 13m";"-0.00"
"698";"USTEC_ICM_UTC2";"Buy";"8740.3";"8657.8";"2020.04.23 17:15:00";"2020.04.23 19:45:00";"30.0";"-2475.00";"8657.79980";"8822.79980";"-102740.60";"0.00";"IST";"SL";"2h 30m";"-0.00"
"699";"USTEC_ICM_UTC2";"Buy";"8639.9";"8722.4";"2020.04.24 17:15:00";"2020.04.24 20:58:00";"30.0";"2475.00";"8557.40039";"8722.40039";"-100265.60";"0.00";"IST";"PT";"3h 43m";"-0.00"
"700";"USTEC_ICM_UTC2";"Buy";"8846.7";"8929.2";"2020.04.27 18:15:00";"2020.04.28 12:26:00";"30.0";"2291.88";"8764.20020";"8929.20020";"-97973.73";"0.00";"IST";"PT";"18h 11m";"-183.12"
"701";"USTEC_ICM_UTC2";"Buy";"8712.1";"8794.6";"2020.04.28 18:00:00";"2020.04.29 03:02:00";"30.0";"2291.88";"8629.59961";"8794.59961";"-95681.84";"0.00";"IST";"PT";"9h 2m";"-183.12"
"702";"USTEC_ICM_UTC2";"Buy";"8907.2";"8989.7";"2020.04.29 17:00:00";"2020.04.29 21:58:00";"30.0";"2475.00";"8824.70020";"8989.70020";"-93206.84";"0.00";"IST";"PT";"4h 58m";"-0.00"
"703";"USTEC_ICM_UTC2";"Buy";"9015.0";"8932.5";"2020.04.30 17:30:00";"2020.04.30 19:01:00";"30.0";"-2475.00";"8932.50000";"9097.50000";"-95681.84";"0.00";"IST";"SL";"1h 31m";"-0.00"
"704";"USTEC_ICM_UTC2";"Buy";"8822.6";"8740.1";"2020.05.01 16:45:00";"2020.05.01 18:57:00";"30.0";"-2475.00";"8740.09961";"8905.09961";"-98156.84";"0.00";"IST";"SL";"2h 12m";"-0.00"
"705";"USTEC_ICM_UTC2";"Buy";"8686.8";"8769.3";"2020.05.04 16:45:00";"2020.05.04 17:16:00";"30.0";"2475.00";"8604.29980";"8769.29980";"-95681.84";"0.00";"IST";"PT";"31m 0s";"-0.00"
"706";"USTEC_ICM_UTC2";"Buy";"8997.9";"8915.4";"2020.05.05 19:00:00";"2020.05.05 22:37:00";"30.0";"-2475.00";"8915.40039";"9080.40039";"-98156.84";"0.00";"IST";"SL";"3h 37m";"-0.00"
"707";"USTEC_ICM_UTC2";"Buy";"9033.8";"8951.3";"2020.05.06 18:15:00";"2020.05.07 01:25:00";"30.0";"-2658.12";"8951.29980";"9116.29980";"-100814.97";"0.00";"IST";"SL";"7h 10m";"-183.12"
"708";"USTEC_ICM_UTC2";"Buy";"9110.1";"9192.6";"2020.05.07 19:15:00";"2020.05.08 04:07:00";"30.0";"2291.88";"9027.59961";"9192.59961";"-98523.09";"0.00";"IST";"PT";"8h 52m";"-183.12"
"709";"USTEC_ICM_UTC2";"Buy";"9147.5";"9221.3";"2020.05.08 16:45:00";"2020.05.08 22:55:00";"30.0";"2214.00";"9065.00000";"9230.00000";"-96309.09";"0.00";"IST";"End Of Friday (Time)";"6h 10m";"-0.00"
"710";"USTEC_ICM_UTC2";"Buy";"9242.6";"9325.1";"2020.05.11 18:15:00";"2020.05.11 20:36:00";"30.0";"2475.00";"9160.09961";"9325.09961";"-93834.09";"0.00";"IST";"PT";"2h 21m";"-0.00"
"711";"USTEC_ICM_UTC2";"Buy";"9330.2";"9247.7";"2020.05.12 18:15:00";"2020.05.12 22:14:00";"30.0";"-2475.00";"9247.70020";"9412.70020";"-96309.09";"0.00";"IST";"SL";"3h 59m";"-0.00"
"712";"USTEC_ICM_UTC2";"Buy";"9085.0";"9167.5";"2020.05.13 16:45:00";"2020.05.13 17:06:00";"30.0";"2475.00";"9002.50000";"9167.50000";"-93834.09";"0.00";"IST";"PT";"21m 0s";"-0.00"
"713";"USTEC_ICM_UTC2";"Buy";"8912.2";"8994.7";"2020.05.14 19:00:00";"2020.05.14 20:01:00";"30.0";"2475.00";"8829.70020";"8994.70020";"-91359.09";"0.00";"IST";"PT";"1h 1m";"-0.00"
"714";"USTEC_ICM_UTC2";"Buy";"8993.1";"9075.6";"2020.05.15 18:30:00";"2020.05.15 20:00:00";"30.0";"2475.00";"8910.59961";"9075.59961";"-88884.09";"0.00";"IST";"PT";"1h 30m";"-0.00"
"715";"USTEC_ICM_UTC2";"Buy";"9276.5";"9359.0";"2020.05.18 16:30:00";"2020.05.18 20:22:00";"30.0";"2475.00";"9194.00000";"9359.00000";"-86409.09";"0.00";"IST";"PT";"3h 52m";"-0.00"
"716";"USTEC_ICM_UTC2";"Buy";"9396.0";"9313.5";"2020.05.19 18:15:00";"2020.05.19 22:53:00";"30.0";"-2475.00";"9313.50000";"9478.50000";"-88884.09";"0.00";"IST";"SL";"4h 38m";"-0.00"
"717";"USTEC_ICM_UTC2";"Buy";"9471.3";"9388.8";"2020.05.20 17:45:00";"2020.05.21 18:08:00";"30.0";"-2658.12";"9388.79980";"9553.79980";"-91542.20";"0.00";"IST";"SL";"1d 0h 23m";"-183.12"
"718";"USTEC_ICM_UTC2";"Buy";"9401.1";"9318.6";"2020.05.21 18:15:00";"2020.05.22 05:54:00";"30.0";"-2658.12";"9318.59961";"9483.59961";"-94200.33";"0.00";"IST";"SL";"11h 39m";"-183.12"
"719";"USTEC_ICM_UTC2";"Buy";"9342.2";"9406.7";"2020.05.22 16:45:00";"2020.05.22 22:55:00";"30.0";"1935.00";"9259.70020";"9424.70020";"-92265.33";"0.00";"IST";"End Of Friday (Time)";"6h 10m";"-0.00"
"720";"USTEC_ICM_UTC2";"Buy";"9496.1";"9413.6";"2020.05.26 18:15:00";"2020.05.26 22:34:00";"30.0";"-2475.00";"9413.59961";"9578.59961";"-94740.33";"0.00";"IST";"SL";"4h 19m";"-0.00"
"721";"USTEC_ICM_UTC2";"Buy";"9258.2";"9340.7";"2020.05.27 18:30:00";"2020.05.27 19:54:00";"30.0";"2475.00";"9175.70020";"9340.70020";"-92265.33";"0.00";"IST";"PT";"1h 24m";"-0.00"
"722";"USTEC_ICM_UTC2";"Buy";"9459.4";"9541.9";"2020.05.28 16:45:00";"2020.05.28 19:40:00";"30.0";"2475.00";"9376.90039";"9541.90039";"-89790.33";"0.00";"IST";"PT";"2h 55m";"-0.00"
"723";"USTEC_ICM_UTC2";"Buy";"9464.9";"9547.4";"2020.05.29 21:45:00";"2020.05.29 22:51:00";"30.0";"2475.00";"9382.40039";"9547.40039";"-87315.33";"0.00";"IST";"PT";"1h 6m";"-0.00"
"724";"USTEC_ICM_UTC2";"Buy";"9553.5";"9636.0";"2020.06.01 18:30:00";"2020.06.02 11:18:00";"30.0";"2291.88";"9471.00000";"9636.00000";"-85023.45";"0.00";"IST";"PT";"16h 48m";"-183.12"
"725";"USTEC_ICM_UTC2";"Buy";"9607.9";"9525.4";"2020.06.02 16:30:00";"2020.06.02 18:03:00";"30.0";"-2475.00";"9525.40039";"9690.40039";"-87498.45";"0.00";"IST";"SL";"1h 33m";"-0.00"
"726";"USTEC_ICM_UTC2";"Buy";"9682.2";"9599.7";"2020.06.03 18:00:00";"2020.06.04 21:59:00";"30.0";"-2658.12";"9599.70020";"9764.70020";"-90156.56";"0.00";"IST";"SL";"1d 3h 59m";"-183.12"
"727";"USTEC_ICM_UTC2";"Buy";"9764.7";"9847.2";"2020.06.05 16:45:00";"2020.06.05 20:25:00";"30.0";"2475.00";"9682.20020";"9847.20020";"-87681.56";"0.00";"IST";"PT";"3h 40m";"-0.00"
"728";"USTEC_ICM_UTC2";"Buy";"9803.7";"9886.2";"2020.06.08 18:00:00";"2020.06.08 22:50:00";"30.0";"2475.00";"9721.20020";"9886.20020";"-85206.56";"0.00";"IST";"PT";"4h 50m";"-0.00"
"729";"USTEC_ICM_UTC2";"Buy";"9859.9";"9942.4";"2020.06.09 16:30:00";"2020.06.09 17:45:00";"30.0";"2475.00";"9777.40039";"9942.40039";"-82731.56";"0.00";"IST";"PT";"1h 15m";"-0.00"
"730";"USTEC_ICM_UTC2";"Buy";"10040.3";"10122.8";"2020.06.10 16:30:00";"2020.06.10 21:15:00";"30.0";"2475.00";"9957.79980";"10122.79980";"-80256.56";"0.00";"IST";"PT";"4h 45m";"-0.00"
"731";"USTEC_ICM_UTC2";"Buy";"9877.9";"9795.4";"2020.06.11 18:45:00";"2020.06.11 19:19:00";"30.0";"-2475.00";"9795.40039";"9960.40039";"-82731.56";"0.00";"IST";"SL";"34m 0s";"-0.00"
"732";"USTEC_ICM_UTC2";"Buy";"9732.4";"9649.9";"2020.06.12 17:45:00";"2020.06.12 17:59:00";"30.0";"-2475.00";"9649.90039";"9814.90039";"-85206.56";"0.00";"IST";"SL";"14m 0s";"-0.00"
"733";"USTEC_ICM_UTC2";"Buy";"9592.8";"9675.3";"2020.06.15 17:30:00";"2020.06.15 19:19:00";"30.0";"2475.00";"9510.29980";"9675.29980";"-82731.56";"0.00";"IST";"PT";"1h 49m";"-0.00"
"734";"USTEC_ICM_UTC2";"Buy";"9997.8";"9915.3";"2020.06.16 17:15:00";"2020.06.16 17:52:00";"30.0";"-2475.00";"9915.29980";"10080.29980";"-85206.56";"0.00";"IST";"SL";"37m 0s";"-0.00"
"735";"USTEC_ICM_UTC2";"Buy";"9988.3";"9905.8";"2020.06.17 17:15:00";"2020.06.18 04:31:00";"30.0";"-2658.12";"9905.79980";"10070.79980";"-87864.69";"0.00";"IST";"SL";"11h 16m";"-183.12"
"736";"USTEC_ICM_UTC2";"Buy";"10014.6";"10097.1";"2020.06.18 18:15:00";"2020.06.19 15:09:00";"30.0";"2291.88";"9932.09961";"10097.09961";"-85572.80";"0.00";"IST";"PT";"20h 54m";"-183.12"
"737";"USTEC_ICM_UTC2";"Buy";"10098.7";"10016.2";"2020.06.19 17:00:00";"2020.06.19 19:13:00";"30.0";"-2475.00";"10016.20020";"10181.20020";"-88047.80";"0.00";"IST";"SL";"2h 13m";"-0.00"
"738";"USTEC_ICM_UTC2";"Buy";"10061.5";"10144.0";"2020.06.22 18:30:00";"2020.06.22 23:14:00";"30.0";"2475.00";"9979.00000";"10144.00000";"-85572.80";"0.00";"IST";"PT";"4h 44m";"-0.00"
"739";"USTEC_ICM_UTC2";"Buy";"10261.0";"10178.5";"2020.06.23 18:45:00";"2020.06.24 10:41:00";"30.0";"-2658.12";"10178.50000";"10343.50000";"-88230.93";"0.00";"IST";"SL";"15h 56m";"-183.12"
"740";"USTEC_ICM_UTC2";"Buy";"10108.9";"10026.4";"2020.06.24 17:00:00";"2020.06.24 18:13:00";"30.0";"-2475.00";"10026.40039";"10191.40039";"-90705.93";"0.00";"IST";"SL";"1h 13m";"-0.00"
"741";"USTEC_ICM_UTC2";"Buy";"9992.2";"10074.7";"2020.06.25 18:15:00";"2020.06.25 22:27:00";"30.0";"2475.00";"9909.70020";"10074.70020";"-88230.93";"0.00";"IST";"PT";"4h 12m";"-0.00"
"742";"USTEC_ICM_UTC2";"Buy";"9946.6";"9864.1";"2020.06.26 18:30:00";"2020.06.26 22:35:00";"30.0";"-2475.00";"9864.09961";"10029.09961";"-90705.93";"0.00";"IST";"SL";"4h 5m";"-0.00"
"743";"USTEC_ICM_UTC2";"Buy";"9882.9";"9965.4";"2020.06.29 17:45:00";"2020.06.29 23:00:00";"30.0";"2475.00";"9800.40039";"9965.40039";"-88230.93";"0.00";"IST";"PT";"5h 15m";"-0.00"
"744";"USTEC_ICM_UTC2";"Buy";"10044.6";"10127.1";"2020.06.30 17:15:00";"2020.06.30 22:34:00";"30.0";"2475.00";"9962.09961";"10127.09961";"-85755.93";"0.00";"IST";"PT";"5h 19m";"-0.00"
"745";"USTEC_ICM_UTC2";"Buy";"10219.0";"10301.5";"2020.07.01 17:30:00";"2020.07.01 22:22:00";"30.0";"2475.00";"10136.50000";"10301.50000";"-83280.93";"0.00";"IST";"PT";"4h 52m";"-0.00"
"746";"USTEC_ICM_UTC2";"Buy";"10379.9";"10462.4";"2020.07.02 16:30:00";"2020.07.06 04:32:00";"30.0";"1742.52";"10297.40039";"10462.40039";"-81538.41";"0.00";"IST";"PT";"3d 12h 2m";"-732.48"
"747";"USTEC_ICM_UTC2";"Buy";"10536.0";"10618.5";"2020.07.06 17:15:00";"2020.07.06 18:35:00";"30.0";"2475.00";"10453.50000";"10618.50000";"-79063.41";"0.00";"IST";"PT";"1h 20m";"-0.00"
"748";"USTEC_ICM_UTC2";"Buy";"10588.5";"10671.0";"2020.07.07 16:30:00";"2020.07.07 17:17:00";"30.0";"2475.00";"10506.00000";"10671.00000";"-76588.41";"0.00";"IST";"PT";"47m 0s";"-0.00"
"749";"USTEC_ICM_UTC2";"Buy";"10584.6";"10667.1";"2020.07.08 16:30:00";"2020.07.08 22:59:00";"30.0";"2475.00";"10502.09961";"10667.09961";"-74113.41";"0.00";"IST";"PT";"6h 29m";"-0.00"
"750";"USTEC_ICM_UTC2";"Buy";"10734.6";"10652.1";"2020.07.09 17:15:00";"2020.07.09 17:45:00";"30.0";"-2475.00";"10652.09961";"10817.09961";"-76588.41";"0.00";"IST";"SL";"30m 0s";"-0.00"
"751";"USTEC_ICM_UTC2";"Buy";"10709.0";"10791.5";"2020.07.10 16:45:00";"2020.07.10 21:46:00";"30.0";"2475.00";"10626.50000";"10791.50000";"-74113.41";"0.00";"IST";"PT";"5h 1m";"-0.00"
"752";"USTEC_ICM_UTC2";"Buy";"11042.5";"10960.0";"2020.07.13 18:00:00";"2020.07.13 20:59:00";"30.0";"-2475.00";"10960.00000";"11125.00000";"-76588.41";"0.00";"IST";"SL";"2h 59m";"-0.00"
"753";"USTEC_ICM_UTC2";"Buy";"10504.6";"10587.1";"2020.07.14 16:30:00";"2020.07.14 16:33:00";"30.0";"2475.00";"10422.09961";"10587.09961";"-74113.41";"0.00";"IST";"PT";"3m 0s";"-0.00"
"754";"USTEC_ICM_UTC2";"Buy";"10676.4";"10593.9";"2020.07.15 18:15:00";"2020.07.15 18:59:00";"30.0";"-2475.00";"10593.90039";"10758.90039";"-76588.41";"0.00";"IST";"SL";"44m 0s";"-0.00"
"755";"USTEC_ICM_UTC2";"Buy";"10585.6";"10503.1";"2020.07.16 16:30:00";"2020.07.16 18:03:00";"30.0";"-2475.00";"10503.09961";"10668.09961";"-79063.41";"0.00";"IST";"SL";"1h 33m";"-0.00"
"756";"USTEC_ICM_UTC2";"Buy";"10618.4";"10637.3";"2020.07.17 17:00:00";"2020.07.17 22:55:00";"30.0";"566.97";"10535.90039";"10700.90039";"-78496.44";"0.00";"IST";"End Of Friday (Time)";"5h 55m";"-0.00"
"757";"USTEC_ICM_UTC2";"Buy";"10742.8";"10825.3";"2020.07.20 17:15:00";"2020.07.20 19:10:00";"30.0";"2475.00";"10660.29980";"10825.29980";"-76021.44";"0.00";"IST";"PT";"1h 55m";"-0.00"
"758";"USTEC_ICM_UTC2";"Buy";"10881.0";"10798.5";"2020.07.21 17:45:00";"2020.07.21 22:52:00";"30.0";"-2475.00";"10798.50000";"10963.50000";"-78496.44";"0.00";"IST";"SL";"5h 7m";"-0.00"
"759";"USTEC_ICM_UTC2";"Buy";"10850.7";"10933.2";"2020.07.22 17:45:00";"2020.07.23 09:47:00";"30.0";"2291.88";"10768.20020";"10933.20020";"-76204.55";"0.00";"IST";"PT";"16h 2m";"-183.12"
"760";"USTEC_ICM_UTC2";"Buy";"10855.1";"10772.6";"2020.07.23 16:30:00";"2020.07.23 19:03:00";"30.0";"-2475.00";"10772.59961";"10937.59961";"-78679.55";"0.00";"IST";"SL";"2h 33m";"-0.00"
"761";"USTEC_ICM_UTC2";"Buy";"10483.7";"10401.2";"2020.07.24 19:30:00";"2020.07.24 20:14:00";"30.0";"-2475.00";"10401.20020";"10566.20020";"-81154.55";"0.00";"IST";"SL";"44m 0s";"-0.00"
"762";"USTEC_ICM_UTC2";"Buy";"10578.6";"10661.1";"2020.07.27 18:15:00";"2020.07.27 21:35:00";"30.0";"2475.00";"10496.09961";"10661.09961";"-78679.55";"0.00";"IST";"PT";"3h 20m";"-0.00"
"763";"USTEC_ICM_UTC2";"Buy";"10649.2";"10566.7";"2020.07.28 18:45:00";"2020.07.28 22:15:00";"30.0";"-2475.00";"10566.70020";"10731.70020";"-81154.55";"0.00";"IST";"SL";"3h 30m";"-0.00"
"764";"USTEC_ICM_UTC2";"Buy";"10656.1";"10573.6";"2020.07.29 17:45:00";"2020.07.30 10:31:00";"30.0";"-2658.12";"10573.59961";"10738.59961";"-83812.68";"0.00";"IST";"SL";"16h 46m";"-183.12"
"765";"USTEC_ICM_UTC2";"Buy";"10555.0";"10637.5";"2020.07.30 17:00:00";"2020.07.30 18:22:00";"30.0";"2475.00";"10472.50000";"10637.50000";"-81337.68";"0.00";"IST";"PT";"1h 22m";"-0.00"
"766";"USTEC_ICM_UTC2";"Buy";"10793.6";"10711.1";"2020.07.31 18:00:00";"2020.07.31 19:56:00";"30.0";"-2475.00";"10711.09961";"10876.09961";"-83812.68";"0.00";"IST";"SL";"1h 56m";"-0.00"
"767";"USTEC_ICM_UTC2";"Buy";"11022.8";"11105.3";"2020.08.03 18:00:00";"2020.08.04 23:07:00";"30.0";"2291.88";"10940.29980";"11105.29980";"-81520.80";"0.00";"IST";"PT";"1d 5h 7m";"-183.12"
"768";"USTEC_ICM_UTC2";"Buy";"11132.6";"11215.1";"2020.08.05 17:15:00";"2020.08.06 21:01:00";"30.0";"2291.88";"11050.09961";"11215.09961";"-79228.91";"0.00";"IST";"PT";"1d 3h 46m";"-183.12"
"769";"USTEC_ICM_UTC2";"Buy";"11241.2";"11158.7";"2020.08.06 21:30:00";"2020.08.07 19:52:00";"30.0";"-2658.12";"11158.70020";"11323.70020";"-81887.04";"0.00";"IST";"SL";"22h 22m";"-183.12"
"770";"USTEC_ICM_UTC2";"Buy";"11097.2";"11133.9";"2020.08.07 20:15:00";"2020.08.07 22:55:00";"30.0";"1101.00";"11014.70020";"11179.70020";"-80786.04";"0.00";"IST";"End Of Friday (Time)";"2h 40m";"-0.00"
"771";"USTEC_ICM_UTC2";"Buy";"11082.9";"11000.4";"2020.08.10 17:15:00";"2020.08.10 17:47:00";"30.0";"-2475.00";"11000.40039";"11165.40039";"-83261.04";"0.00";"IST";"SL";"32m 0s";"-0.00"
"772";"USTEC_ICM_UTC2";"Buy";"11089.4";"11006.9";"2020.08.11 19:45:00";"2020.08.11 21:16:00";"30.0";"-2475.00";"11006.90039";"11171.90039";"-85736.04";"0.00";"IST";"SL";"1h 31m";"-0.00"
"773";"USTEC_ICM_UTC2";"Buy";"11114.6";"11197.1";"2020.08.12 18:15:00";"2020.08.13 15:40:00";"30.0";"2291.88";"11032.09961";"11197.09961";"-83444.16";"0.00";"IST";"PT";"21h 25m";"-183.12"
"774";"USTEC_ICM_UTC2";"Buy";"11222.3";"11139.8";"2020.08.13 17:00:00";"2020.08.13 21:51:00";"30.0";"-2475.00";"11139.79980";"11304.79980";"-85919.16";"0.00";"IST";"SL";"4h 51m";"-0.00"
"775";"USTEC_ICM_UTC2";"Buy";"11203.9";"11121.4";"2020.08.14 16:45:00";"2020.08.14 17:20:00";"30.0";"-2475.00";"11121.40039";"11286.40039";"-88394.16";"0.00";"IST";"SL";"35m 0s";"-0.00"
"776";"USTEC_ICM_UTC2";"Buy";"11260.2";"11342.7";"2020.08.17 17:15:00";"2020.08.18 15:29:00";"30.0";"2291.88";"11177.70020";"11342.70020";"-86102.27";"0.00";"IST";"PT";"22h 14m";"-183.12"
"777";"USTEC_ICM_UTC2";"Buy";"11348.2";"11430.7";"2020.08.18 17:00:00";"2020.08.19 06:33:00";"30.0";"2291.88";"11265.70020";"11430.70020";"-83810.40";"0.00";"IST";"PT";"13h 33m";"-183.12"
"778";"USTEC_ICM_UTC2";"Buy";"11357.0";"11439.5";"2020.08.19 17:00:00";"2020.08.19 19:02:00";"30.0";"2475.00";"11274.50000";"11439.50000";"-81335.40";"0.00";"IST";"PT";"2h 2m";"-0.00"
"779";"USTEC_ICM_UTC2";"Buy";"11364.2";"11446.7";"2020.08.20 17:15:00";"2020.08.20 21:20:00";"30.0";"2475.00";"11281.70020";"11446.70020";"-78860.40";"0.00";"IST";"PT";"4h 5m";"-0.00"
"780";"USTEC_ICM_UTC2";"Buy";"11485.2";"11567.7";"2020.08.21 16:30:00";"2020.08.21 22:01:00";"30.0";"2475.00";"11402.70020";"11567.70020";"-76385.40";"0.00";"IST";"PT";"5h 31m";"-0.00"
"781";"USTEC_ICM_UTC2";"Buy";"11691.0";"11608.5";"2020.08.24 16:30:00";"2020.08.24 17:04:00";"30.0";"-2475.00";"11608.50000";"11773.50000";"-78860.40";"0.00";"IST";"SL";"34m 0s";"-0.00"
"782";"USTEC_ICM_UTC2";"Buy";"11660.6";"11743.1";"2020.08.25 19:00:00";"2020.08.26 02:29:00";"30.0";"2291.88";"11578.09961";"11743.09961";"-76568.52";"0.00";"IST";"PT";"7h 29m";"-183.12"
"783";"USTEC_ICM_UTC2";"Buy";"11778.8";"11861.3";"2020.08.26 17:15:00";"2020.08.26 18:28:00";"30.0";"2475.00";"11696.29980";"11861.29980";"-74093.52";"0.00";"IST";"PT";"1h 13m";"-0.00"
"784";"USTEC_ICM_UTC2";"Buy";"11937.8";"12020.3";"2020.08.27 17:15:00";"2020.08.27 18:01:00";"30.0";"2475.00";"11855.29980";"12020.29980";"-71618.52";"0.00";"IST";"PT";"46m 0s";"-0.00"
"785";"USTEC_ICM_UTC2";"Buy";"11998.1";"11988.1";"2020.08.28 16:45:00";"2020.08.28 22:55:00";"30.0";"-300.00";"11915.59961";"12080.59961";"-71918.52";"0.00";"IST";"End Of Friday (Time)";"6h 10m";"-0.00"
"786";"USTEC_ICM_UTC2";"Buy";"12019.7";"12102.2";"2020.08.31 16:30:00";"2020.08.31 18:11:00";"30.0";"2475.00";"11937.20020";"12102.20020";"-69443.52";"0.00";"IST";"PT";"1h 41m";"-0.00"
"787";"USTEC_ICM_UTC2";"Buy";"12227.6";"12310.1";"2020.09.01 18:45:00";"2020.09.01 23:07:00";"30.0";"2475.00";"12145.09961";"12310.09961";"-66968.52";"0.00";"IST";"PT";"4h 22m";"-0.00"
"788";"USTEC_ICM_UTC2";"Buy";"12307.4";"12224.9";"2020.09.02 17:45:00";"2020.09.02 18:36:00";"30.0";"-2475.00";"12224.90039";"12389.90039";"-69443.52";"0.00";"IST";"SL";"51m 0s";"-0.00"
"789";"USTEC_ICM_UTC2";"Buy";"11870.3";"11787.8";"2020.09.03 19:00:00";"2020.09.03 19:34:00";"30.0";"-2475.00";"11787.79980";"11952.79980";"-71918.52";"0.00";"IST";"SL";"34m 0s";"-0.00"
"790";"USTEC_ICM_UTC2";"Buy";"11348.1";"11265.6";"2020.09.04 18:00:00";"2020.09.04 18:25:00";"30.0";"-2475.00";"11265.59961";"11430.59961";"-74393.52";"0.00";"IST";"SL";"25m 0s";"-0.00"
"791";"USTEC_ICM_UTC2";"Buy";"11295.1";"11377.6";"2020.09.08 17:00:00";"2020.09.08 17:25:00";"30.0";"2475.00";"11212.59961";"11377.59961";"-71918.52";"0.00";"IST";"PT";"25m 0s";"-0.00"
"792";"USTEC_ICM_UTC2";"Buy";"11353.7";"11436.2";"2020.09.09 17:45:00";"2020.09.09 19:43:00";"30.0";"2475.00";"11271.20020";"11436.20020";"-69443.52";"0.00";"IST";"PT";"1h 58m";"-0.00"
"793";"USTEC_ICM_UTC2";"Buy";"11549.7";"11467.2";"2020.09.10 17:15:00";"2020.09.10 17:46:00";"30.0";"-2475.00";"11467.20020";"11632.20020";"-71918.52";"0.00";"IST";"SL";"31m 0s";"-0.00"
"794";"USTEC_ICM_UTC2";"Buy";"11148.7";"11231.2";"2020.09.11 17:15:00";"2020.09.11 17:45:00";"30.0";"2475.00";"11066.20020";"11231.20020";"-69443.52";"0.00";"IST";"PT";"30m 0s";"-0.00"
"795";"USTEC_ICM_UTC2";"Buy";"11314.2";"11231.7";"2020.09.14 18:15:00";"2020.09.14 20:16:00";"30.0";"-2475.00";"11231.70020";"11396.70020";"-71918.52";"0.00";"IST";"SL";"2h 1m";"-0.00"
"796";"USTEC_ICM_UTC2";"Buy";"11446.8";"11364.3";"2020.09.15 17:15:00";"2020.09.15 22:40:00";"30.0";"-2475.00";"11364.29980";"11529.29980";"-74393.52";"0.00";"IST";"SL";"5h 25m";"-0.00"
"797";"USTEC_ICM_UTC2";"Buy";"11393.9";"11311.4";"2020.09.16 19:15:00";"2020.09.16 22:10:00";"30.0";"-2475.00";"11311.40039";"11476.40039";"-76868.52";"0.00";"IST";"SL";"2h 55m";"-0.00"
"798";"USTEC_ICM_UTC2";"Buy";"11059.8";"10977.3";"2020.09.17 18:45:00";"2020.09.17 19:11:00";"30.0";"-2475.00";"10977.29980";"11142.29980";"-79343.52";"0.00";"IST";"SL";"26m 0s";"-0.00"
"799";"USTEC_ICM_UTC2";"Buy";"11100.3";"11017.8";"2020.09.18 17:15:00";"2020.09.18 17:35:00";"30.0";"-2475.00";"11017.79980";"11182.79980";"-81818.52";"0.00";"IST";"SL";"20m 0s";"-0.00"
"800";"USTEC_ICM_UTC2";"Buy";"10756.4";"10838.9";"2020.09.21 18:15:00";"2020.09.21 19:04:00";"30.0";"2475.00";"10673.90039";"10838.90039";"-79343.52";"0.00";"IST";"PT";"49m 0s";"-0.00"
"801";"USTEC_ICM_UTC2";"Buy";"11015.7";"11098.2";"2020.09.22 17:45:00";"2020.09.22 20:48:00";"30.0";"2475.00";"10933.20020";"11098.20020";"-76868.52";"0.00";"IST";"PT";"3h 3m";"-0.00"
"802";"USTEC_ICM_UTC2";"Buy";"11169.1";"11086.6";"2020.09.23 16:30:00";"2020.09.23 17:05:00";"30.0";"-2475.00";"11086.59961";"11251.59961";"-79343.52";"0.00";"IST";"SL";"35m 0s";"-0.00"
"803";"USTEC_ICM_UTC2";"Buy";"10855.3";"10937.8";"2020.09.24 17:00:00";"2020.09.24 17:05:00";"30.0";"2475.00";"10772.79980";"10937.79980";"-76868.52";"0.00";"IST";"PT";"5m 0s";"-0.00"
"804";"USTEC_ICM_UTC2";"Buy";"10871.0";"10953.5";"2020.09.25 17:15:00";"2020.09.25 17:23:00";"30.0";"2475.00";"10788.50000";"10953.50000";"-74393.52";"0.00";"IST";"PT";"8m 0s";"-0.00"
"805";"USTEC_ICM_UTC2";"Buy";"11302.7";"11385.2";"2020.09.28 17:15:00";"2020.09.28 23:02:00";"30.0";"2475.00";"11220.20020";"11385.20020";"-71918.52";"0.00";"IST";"PT";"5h 47m";"-0.00"
"806";"USTEC_ICM_UTC2";"Buy";"11360.0";"11277.5";"2020.09.29 18:30:00";"2020.09.30 06:37:00";"30.0";"-2658.12";"11277.50000";"11442.50000";"-74576.64";"0.00";"IST";"SL";"12h 7m";"-183.12"
"807";"USTEC_ICM_UTC2";"Buy";"11435.0";"11517.5";"2020.09.30 17:15:00";"2020.09.30 21:01:00";"30.0";"2475.00";"11352.50000";"11517.50000";"-72101.64";"0.00";"IST";"PT";"3h 46m";"-0.00"
"808";"USTEC_ICM_UTC2";"Buy";"11522.3";"11604.8";"2020.10.01 17:15:00";"2020.10.01 22:04:00";"30.0";"2475.00";"11439.79980";"11604.79980";"-69626.64";"0.00";"IST";"PT";"4h 49m";"-0.00"
"809";"USTEC_ICM_UTC2";"Buy";"11413.7";"11331.2";"2020.10.02 18:15:00";"2020.10.02 18:40:00";"30.0";"-2475.00";"11331.20020";"11496.20020";"-72101.64";"0.00";"IST";"SL";"25m 0s";"-0.00"
"810";"USTEC_ICM_UTC2";"Buy";"11443.6";"11526.1";"2020.10.05 19:00:00";"2020.10.06 21:44:00";"30.0";"2291.88";"11361.09961";"11526.09961";"-69809.76";"0.00";"IST";"PT";"1d 2h 44m";"-183.12"
"811";"USTEC_ICM_UTC2";"Buy";"11332.8";"11222.9";"2020.10.06 22:15:00";"2020.10.07 01:00:00";"30.0";"-3480.09";"11250.29980";"11415.29980";"-73289.84";"0.00";"IST";"SL";"2h 45m";"-183.12"
"812";"USTEC_ICM_UTC2";"Buy";"11393.0";"11475.5";"2020.10.07 17:15:00";"2020.10.07 20:00:00";"30.0";"2475.00";"11310.50000";"11475.50000";"-70814.84";"0.00";"IST";"PT";"2h 45m";"-0.00"
"813";"USTEC_ICM_UTC2";"Buy";"11544.8";"11627.3";"2020.10.08 17:15:00";"2020.10.09 15:52:00";"30.0";"2291.88";"11462.29980";"11627.29980";"-68522.97";"0.00";"IST";"PT";"22h 37m";"-183.12"
"814";"USTEC_ICM_UTC2";"Buy";"11616.5";"11699.0";"2020.10.09 16:30:00";"2020.10.09 19:07:00";"30.0";"2475.00";"11534.00000";"11699.00000";"-66047.97";"0.00";"IST";"PT";"2h 37m";"-0.00"
"815";"USTEC_ICM_UTC2";"Buy";"11923.8";"12006.3";"2020.10.12 16:30:00";"2020.10.12 18:10:00";"30.0";"2475.00";"11841.29980";"12006.29980";"-63572.97";"0.00";"IST";"PT";"1h 40m";"-0.00"
"816";"USTEC_ICM_UTC2";"Buy";"12054.4";"12136.9";"2020.10.13 16:45:00";"2020.10.13 18:08:00";"30.0";"2475.00";"11971.90039";"12136.90039";"-61097.97";"0.00";"IST";"PT";"1h 23m";"-0.00"
"817";"USTEC_ICM_UTC2";"Buy";"12100.0";"12017.5";"2020.10.14 18:15:00";"2020.10.14 18:47:00";"30.0";"-2475.00";"12017.50000";"12182.50000";"-63572.97";"0.00";"IST";"SL";"32m 0s";"-0.00"
"818";"USTEC_ICM_UTC2";"Buy";"11828.9";"11911.4";"2020.10.15 18:15:00";"2020.10.15 22:26:00";"30.0";"2475.00";"11746.40039";"11911.40039";"-61097.97";"0.00";"IST";"PT";"4h 11m";"-0.00"
"819";"USTEC_ICM_UTC2";"Buy";"11993.9";"11911.4";"2020.10.16 17:15:00";"2020.10.16 18:20:00";"30.0";"-2475.00";"11911.40039";"12076.40039";"-63572.97";"0.00";"IST";"SL";"1h 5m";"-0.00"
"820";"USTEC_ICM_UTC2";"Buy";"11845.8";"11763.3";"2020.10.19 17:15:00";"2020.10.19 19:21:00";"30.0";"-2475.00";"11763.29980";"11928.29980";"-66047.97";"0.00";"IST";"SL";"2h 6m";"-0.00"
"821";"USTEC_ICM_UTC2";"Buy";"11662.1";"11744.6";"2020.10.20 18:45:00";"2020.10.20 19:34:00";"30.0";"2475.00";"11579.59961";"11744.59961";"-63572.97";"0.00";"IST";"PT";"49m 0s";"-0.00"
"822";"USTEC_ICM_UTC2";"Buy";"11714.2";"11631.7";"2020.10.21 18:00:00";"2020.10.22 02:38:00";"30.0";"-2658.12";"11631.70020";"11796.70020";"-66231.09";"0.00";"IST";"SL";"8h 38m";"-183.12"
"823";"USTEC_ICM_UTC2";"Buy";"11663.7";"11581.2";"2020.10.22 17:15:00";"2020.10.22 17:31:00";"30.0";"-2475.00";"11581.20020";"11746.20020";"-68706.09";"0.00";"IST";"SL";"16m 0s";"-0.00"
"824";"USTEC_ICM_UTC2";"Buy";"11608.5";"11683.9";"2020.10.23 18:30:00";"2020.10.23 22:55:00";"30.0";"2262.00";"11526.00000";"11691.00000";"-66444.09";"0.00";"IST";"End Of Friday (Time)";"4h 25m";"-0.00"
"825";"USTEC_ICM_UTC2";"Buy";"11529.9";"11447.4";"2020.10.26 17:15:00";"2020.10.26 18:45:00";"30.0";"-2475.00";"11447.40039";"11612.40039";"-68919.09";"0.00";"IST";"SL";"1h 30m";"-0.00"
"826";"USTEC_ICM_UTC2";"Buy";"11600.8";"11518.3";"2020.10.27 17:15:00";"2020.10.28 09:21:00";"30.0";"-2658.12";"11518.29980";"11683.29980";"-71577.21";"0.00";"IST";"SL";"16h 6m";"-183.12"
"827";"USTEC_ICM_UTC2";"Buy";"11232.6";"11150.1";"2020.10.28 17:30:00";"2020.10.28 21:56:00";"30.0";"-2475.00";"11150.09961";"11315.09961";"-74052.21";"0.00";"IST";"SL";"4h 26m";"-0.00"
"828";"USTEC_ICM_UTC2";"Buy";"11320.8";"11403.3";"2020.10.29 17:15:00";"2020.10.29 20:00:00";"30.0";"2475.00";"11238.29980";"11403.29980";"-71577.21";"0.00";"IST";"PT";"2h 45m";"-0.00"
"829";"USTEC_ICM_UTC2";"Buy";"11075.2";"10992.7";"2020.10.30 16:30:00";"2020.10.30 19:36:00";"30.0";"-2475.00";"10992.70020";"11157.70020";"-74052.21";"0.00";"IST";"SL";"3h 6m";"-0.00"
"830";"USTEC_ICM_UTC2";"Buy";"11121.8";"11039.3";"2020.11.02 18:15:00";"2020.11.02 19:41:00";"30.0";"-2475.00";"11039.29980";"11204.29980";"-76527.21";"0.00";"IST";"SL";"1h 26m";"-0.00"
"831";"USTEC_ICM_UTC2";"Buy";"11275.6";"11358.1";"2020.11.03 17:15:00";"2020.11.03 18:00:00";"30.0";"2475.00";"11193.09961";"11358.09961";"-74052.21";"0.00";"IST";"PT";"45m 0s";"-0.00"
"832";"USTEC_ICM_UTC2";"Buy";"11625.3";"11707.8";"2020.11.04 16:45:00";"2020.11.04 17:05:00";"30.0";"2475.00";"11542.79980";"11707.79980";"-71577.21";"0.00";"IST";"PT";"20m 0s";"-0.00"
"833";"USTEC_ICM_UTC2";"Buy";"12066.7";"11984.2";"2020.11.05 18:30:00";"2020.11.05 19:34:00";"30.0";"-2475.00";"11984.20020";"12149.20020";"-74052.21";"0.00";"IST";"SL";"1h 4m";"-0.00"
"834";"USTEC_ICM_UTC2";"Buy";"11966.5";"12049.0";"2020.11.06 17:15:00";"2020.11.06 18:35:00";"30.0";"2475.00";"11884.00000";"12049.00000";"-71577.21";"0.00";"IST";"PT";"1h 20m";"-0.00"
"835";"USTEC_ICM_UTC2";"Buy";"12101.8";"12019.3";"2020.11.09 20:30:00";"2020.11.09 21:23:00";"30.0";"-2475.00";"12019.29980";"12184.29980";"-74052.21";"0.00";"IST";"SL";"53m 0s";"-0.00"
"836";"USTEC_ICM_UTC2";"Buy";"11572.1";"11654.6";"2020.11.10 17:30:00";"2020.11.10 18:28:00";"30.0";"2475.00";"11489.59961";"11654.59961";"-71577.21";"0.00";"IST";"PT";"58m 0s";"-0.00"
"837";"USTEC_ICM_UTC2";"Buy";"11825.0";"11907.5";"2020.11.11 17:15:00";"2020.11.11 23:03:00";"30.0";"2475.00";"11742.50000";"11907.50000";"-69102.21";"0.00";"IST";"PT";"5h 48m";"-0.00"
"838";"USTEC_ICM_UTC2";"Buy";"11920.0";"11837.5";"2020.11.12 18:15:00";"2020.11.12 19:46:00";"30.0";"-2475.00";"11837.50000";"12002.50000";"-71577.21";"0.00";"IST";"SL";"1h 31m";"-0.00"
"839";"USTEC_ICM_UTC2";"Buy";"11851.8";"11934.3";"2020.11.13 17:45:00";"2020.11.13 22:31:00";"30.0";"2475.00";"11769.29980";"11934.29980";"-69102.21";"0.00";"IST";"PT";"4h 46m";"-0.00"
"840";"USTEC_ICM_UTC2";"Buy";"12026.4";"11943.9";"2020.11.16 18:15:00";"2020.11.16 20:40:00";"30.0";"-2475.00";"11943.90039";"12108.90039";"-71577.21";"0.00";"IST";"SL";"2h 25m";"-0.00"
"841";"USTEC_ICM_UTC2";"Buy";"11988.8";"11906.3";"2020.11.17 18:30:00";"2020.11.18 22:53:00";"30.0";"-2658.12";"11906.29980";"12071.29980";"-74235.33";"0.00";"IST";"SL";"1d 4h 23m";"-183.12"
"842";"USTEC_ICM_UTC2";"Buy";"11937.8";"11918.2";"2020.11.19 18:00:00";"2020.11.20 22:55:00";"30.0";"-771.12";"11855.29980";"12020.29980";"-75006.45";"0.00";"IST";"End Of Friday (Time)";"1d 4h 55m";"-183.12"
"843";"USTEC_ICM_UTC2";"Buy";"11914.9";"11832.4";"2020.11.23 17:15:00";"2020.11.23 18:11:00";"30.0";"-2475.00";"11832.40039";"11997.40039";"-77481.45";"0.00";"IST";"SL";"56m 0s";"-0.00"
"844";"USTEC_ICM_UTC2";"Buy";"11915.6";"11998.1";"2020.11.24 17:15:00";"2020.11.24 18:03:00";"30.0";"2475.00";"11833.09961";"11998.09961";"-75006.45";"0.00";"IST";"PT";"48m 0s";"-0.00"
"845";"USTEC_ICM_UTC2";"Buy";"12107.9";"12190.4";"2020.11.25 17:15:00";"2020.11.26 03:33:00";"30.0";"2291.88";"12025.40039";"12190.40039";"-72714.57";"0.00";"IST";"PT";"10h 18m";"-183.12"
"846";"USTEC_ICM_UTC2";"Buy";"12191.8";"12274.3";"2020.11.26 17:15:00";"2020.11.27 17:18:00";"30.0";"2291.88";"12109.29980";"12274.29980";"-70422.69";"0.00";"IST";"PT";"1d 0h 3m";"-183.12"
"847";"USTEC_ICM_UTC2";"Buy";"12287.7";"12205.2";"2020.11.27 17:30:00";"2020.11.30 08:19:00";"30.0";"-3024.36";"12205.20020";"12370.20020";"-73447.05";"0.00";"IST";"SL";"2d 14h 49m";"-549.36"
"848";"USTEC_ICM_UTC2";"Buy";"12273.0";"12190.5";"2020.11.30 16:30:00";"2020.11.30 17:34:00";"30.0";"-2475.00";"12190.50000";"12355.50000";"-75922.05";"0.00";"IST";"SL";"1h 4m";"-0.00"
"849";"USTEC_ICM_UTC2";"Buy";"12407.6";"12490.1";"2020.12.01 17:15:00";"2020.12.01 20:29:00";"30.0";"2475.00";"12325.09961";"12490.09961";"-73447.05";"0.00";"IST";"PT";"3h 14m";"-0.00"
"850";"USTEC_ICM_UTC2";"Buy";"12459.3";"12516.1";"2020.12.02 19:00:00";"2020.12.04 22:55:00";"30.0";"1337.76";"12376.79980";"12541.79980";"-72109.29";"0.00";"IST";"End Of Friday (Time)";"2d 3h 55m";"-366.24"
"851";"USTEC_ICM_UTC2";"Buy";"12593.3";"12510.8";"2020.12.07 17:15:00";"2020.12.08 17:21:00";"30.0";"-2658.12";"12510.79980";"12675.79980";"-74767.41";"0.00";"IST";"SL";"1d 0h 6m";"-183.12"
"852";"USTEC_ICM_UTC2";"Buy";"12521.3";"12603.8";"2020.12.08 17:30:00";"2020.12.08 20:04:00";"30.0";"2475.00";"12438.79980";"12603.79980";"-72292.41";"0.00";"IST";"PT";"2h 34m";"-0.00"
"853";"USTEC_ICM_UTC2";"Buy";"12600.5";"12518.0";"2020.12.09 17:45:00";"2020.12.09 19:37:00";"30.0";"-2475.00";"12518.00000";"12683.00000";"-74767.41";"0.00";"IST";"SL";"1h 52m";"-0.00"
"854";"USTEC_ICM_UTC2";"Buy";"12436.9";"12354.4";"2020.12.10 18:30:00";"2020.12.10 19:55:00";"30.0";"-2475.00";"12354.40039";"12519.40039";"-77242.41";"0.00";"IST";"SL";"1h 25m";"-0.00"
"855";"USTEC_ICM_UTC2";"Buy";"12355.0";"12272.5";"2020.12.11 17:15:00";"2020.12.11 18:37:00";"30.0";"-2475.00";"12272.50000";"12437.50000";"-79717.41";"0.00";"IST";"SL";"1h 22m";"-0.00"
"856";"USTEC_ICM_UTC2";"Buy";"12526.2";"12443.7";"2020.12.14 18:15:00";"2020.12.15 04:22:00";"30.0";"-2658.12";"12443.70020";"12608.70020";"-82375.53";"0.00";"IST";"SL";"10h 7m";"-183.12"
"857";"USTEC_ICM_UTC2";"Buy";"12551.3";"12468.8";"2020.12.15 17:15:00";"2020.12.15 18:07:00";"30.0";"-2475.00";"12468.79980";"12633.79980";"-84850.53";"0.00";"IST";"SL";"52m 0s";"-0.00"
"858";"USTEC_ICM_UTC2";"Buy";"12651.3";"12733.8";"2020.12.16 19:15:00";"2020.12.17 09:43:00";"30.0";"2291.88";"12568.79980";"12733.79980";"-82558.65";"0.00";"IST";"PT";"14h 28m";"-183.12"
"859";"USTEC_ICM_UTC2";"Buy";"12724.3";"12641.8";"2020.12.17 17:45:00";"2020.12.18 22:12:00";"30.0";"-2658.12";"12641.79980";"12806.79980";"-85216.77";"0.00";"IST";"SL";"1d 4h 27m";"-183.12"
"860";"USTEC_ICM_UTC2";"Buy";"12636.6";"12688.8";"2020.12.18 22:30:00";"2020.12.18 22:55:00";"30.0";"1566.00";"12554.09961";"12719.09961";"-83650.77";"0.00";"IST";"End Of Friday (Time)";"25m 0s";"-0.00"
"861";"USTEC_ICM_UTC2";"Buy";"12524.1";"12606.6";"2020.12.21 18:15:00";"2020.12.21 19:21:00";"30.0";"2475.00";"12441.59961";"12606.59961";"-81175.77";"0.00";"IST";"PT";"1h 6m";"-0.00"
"862";"USTEC_ICM_UTC2";"Buy";"12752.5";"12670.0";"2020.12.22 17:00:00";"2020.12.22 18:03:00";"30.0";"-2475.00";"12670.00000";"12835.00000";"-83650.77";"0.00";"IST";"SL";"1h 3m";"-0.00"
"863";"USTEC_ICM_UTC2";"Buy";"12692.6";"12775.1";"2020.12.23 17:30:00";"2020.12.28 04:49:00";"30.0";"1559.40";"12610.09961";"12775.09961";"-82091.37";"0.00";"IST";"PT";"4d 11h 19m";"-915.60"
"864";"USTEC_ICM_UTC2";"Buy";"12769.6";"12852.1";"2020.12.28 17:15:00";"2020.12.28 21:30:00";"30.0";"2475.00";"12687.09961";"12852.09961";"-79616.37";"0.00";"IST";"PT";"4h 15m";"-0.00"
"865";"USTEC_ICM_UTC2";"Buy";"12866.5";"12883.9";"2020.12.29 17:00:00";"2020.12.31 23:14:00";"30.0";"521.97";"12784.00000";"12949.00000";"-79094.40";"0.00";"IST";"EndTest";"2d 6h 14m";"-0.00"
