"Ticket";"Symbol";"Type";"Open price";"Close price";"Open time";"Close time";"Size";"Profit/Loss";"Stop Loss price level";"Profit Target price level";"Balance";"Slippage ($)";"Sample type";"Close type";"Time in trade";"Comm/Swap"
"1";"USATECHIDXUSD_ICM";"Buy";"16691.9";"16666.9";"2024.01.10 15:00:00";"2024.01.10 15:00:00";"40.0";"-1000.00";"16666.90039";"16699.40039";"49000.00";"0.00";"IST";"SL";"0s";"-0.00"
"2";"USATECHIDXUSD_ICM";"Buy";"16860.8";"16868.3";"2024.01.11 09:00:00";"2024.01.11 09:00:00";"40.0";"300.00";"16835.80078";"16868.30078";"49300.00";"0.00";"IST";"PT";"0s";"-0.00"
"3";"USATECHIDXUSD_ICM";"Buy";"16805.1";"16812.6";"2024.01.12 08:00:00";"2024.01.12 08:00:00";"40.0";"300.00";"16780.09961";"16812.59961";"49600.00";"0.00";"IST";"PT";"0s";"-0.00"
"4";"USATECHIDXUSD_ICM";"Buy";"16870.8";"16878.3";"2024.01.15 09:00:00";"2024.01.15 09:00:00";"40.0";"300.00";"16845.80078";"16878.30078";"49900.00";"0.00";"IST";"PT";"0s";"-0.00"
"5";"USATECHIDXUSD_ICM";"Buy";"16793.8";"16801.3";"2024.01.18 12:00:00";"2024.01.18 12:00:00";"40.0";"300.00";"16768.80078";"16801.30078";"50200.00";"0.00";"IST";"PT";"0s";"-0.00"
"6";"USATECHIDXUSD_ICM";"Buy";"17111.6";"17119.1";"2024.01.19 15:00:00";"2024.01.19 15:00:00";"40.0";"300.00";"17086.59961";"17119.09961";"50500.00";"0.00";"IST";"PT";"0s";"-0.00"
"7";"USATECHIDXUSD_ICM";"Buy";"17342.3";"17349.8";"2024.01.23 08:00:00";"2024.01.23 08:00:00";"40.0";"300.00";"17317.30078";"17349.80078";"50800.00";"0.00";"IST";"PT";"0s";"-0.00"
"8";"USATECHIDXUSD_ICM";"Buy";"17496.8";"17504.3";"2024.01.24 09:00:00";"2024.01.24 09:00:00";"40.0";"300.00";"17471.80078";"17504.30078";"51100.00";"0.00";"IST";"PT";"0s";"-0.00"
"9";"USATECHIDXUSD_ICM";"Buy";"17529.1";"17536.6";"2024.01.25 14:00:00";"2024.01.25 14:00:00";"40.0";"300.00";"17504.09961";"17536.59961";"51400.00";"0.00";"IST";"PT";"0s";"-0.00"
"10";"USATECHIDXUSD_ICM";"Buy";"17433.7";"17441.2";"2024.01.29 09:00:00";"2024.01.29 09:00:00";"40.0";"300.00";"17408.69922";"17441.19922";"51700.00";"0.00";"IST";"PT";"0s";"-0.00"
"11";"USATECHIDXUSD_ICM";"Buy";"17605.9";"17580.9";"2024.01.30 11:00:00";"2024.01.30 11:00:00";"40.0";"-1000.00";"17580.90039";"17613.40039";"50700.00";"0.00";"IST";"SL";"0s";"-0.00"
"12";"USATECHIDXUSD_ICM";"Buy";"17248.6";"17256.1";"2024.02.01 15:00:00";"2024.02.01 15:00:00";"40.0";"300.00";"17223.59961";"17256.09961";"51000.00";"0.00";"IST";"PT";"0s";"-0.00"
"13";"USATECHIDXUSD_ICM";"Buy";"17530.2";"17537.7";"2024.02.02 15:00:00";"2024.02.02 15:00:00";"40.0";"300.00";"17505.19922";"17537.69922";"51300.00";"0.00";"IST";"PT";"0s";"-0.00"
"14";"USATECHIDXUSD_ICM";"Buy";"17618.4";"17625.9";"2024.02.05 14:00:00";"2024.02.05 14:00:00";"40.0";"300.00";"17593.40039";"17625.90039";"51600.00";"0.00";"IST";"PT";"0s";"-0.00"
"15";"USATECHIDXUSD_ICM";"Buy";"17648.7";"17656.2";"2024.02.06 09:00:00";"2024.02.06 09:00:00";"40.0";"300.00";"17623.69922";"17656.19922";"51900.00";"0.00";"IST";"PT";"0s";"-0.00"
"16";"USATECHIDXUSD_ICM";"Buy";"17588.1";"17595.6";"2024.02.07 12:00:00";"2024.02.07 12:00:00";"40.0";"300.00";"17563.09961";"17595.59961";"52200.00";"0.00";"IST";"PT";"0s";"-0.00"
"17";"USATECHIDXUSD_ICM";"Buy";"17762.7";"17770.2";"2024.02.08 08:00:00";"2024.02.08 08:00:00";"40.0";"300.00";"17737.69922";"17770.19922";"52500.00";"0.00";"IST";"PT";"0s";"-0.00"
"18";"USATECHIDXUSD_ICM";"Buy";"17780.5";"17788.0";"2024.02.09 09:00:00";"2024.02.09 09:00:00";"40.0";"300.00";"17755.50000";"17788.00000";"52800.00";"0.00";"IST";"PT";"0s";"-0.00"
"19";"USATECHIDXUSD_ICM";"Buy";"17963.4";"17938.4";"2024.02.12 14:00:00";"2024.02.12 16:00:00";"40.0";"-1000.00";"17938.40039";"17970.90039";"51800.00";"0.00";"IST";"SL";"2h 0m";"-0.00"
"20";"USATECHIDXUSD_ICM";"Buy";"17717.2";"17724.7";"2024.02.14 15:00:00";"2024.02.14 15:00:00";"40.0";"300.00";"17692.19922";"17724.69922";"52100.00";"0.00";"IST";"PT";"0s";"-0.00"
"21";"USATECHIDXUSD_ICM";"Buy";"17827.6";"17835.1";"2024.02.15 09:00:00";"2024.02.15 09:00:00";"40.0";"300.00";"17802.59961";"17835.09961";"52400.00";"0.00";"IST";"PT";"0s";"-0.00"
"22";"USATECHIDXUSD_ICM";"Buy";"17866.7";"17874.2";"2024.02.16 08:00:00";"2024.02.16 08:00:00";"40.0";"300.00";"17841.69922";"17874.19922";"52700.00";"0.00";"IST";"PT";"0s";"-0.00"
"23";"USATECHIDXUSD_ICM";"Buy";"17852.2";"17827.2";"2024.02.22 14:00:00";"2024.02.22 14:00:00";"40.0";"-1000.00";"17827.19922";"17859.69922";"51700.00";"0.00";"IST";"SL";"0s";"-0.00"
"24";"USATECHIDXUSD_ICM";"Buy";"17943.9";"17951.4";"2024.02.26 12:00:00";"2024.02.26 12:00:00";"40.0";"300.00";"17918.90039";"17951.40039";"52000.00";"0.00";"IST";"PT";"0s";"-0.00"
"25";"USATECHIDXUSD_ICM";"Buy";"17917.7";"17925.2";"2024.02.27 11:00:00";"2024.02.27 11:00:00";"40.0";"300.00";"17892.69922";"17925.19922";"52300.00";"0.00";"IST";"PT";"0s";"-0.00"
"26";"USATECHIDXUSD_ICM";"Buy";"17950.6";"17958.1";"2024.02.28 09:00:00";"2024.02.28 09:00:00";"40.0";"300.00";"17925.59961";"17958.09961";"52600.00";"0.00";"IST";"PT";"0s";"-0.00"
"27";"USATECHIDXUSD_ICM";"Buy";"18026.0";"18033.5";"2024.03.01 13:00:00";"2024.03.01 13:00:00";"40.0";"300.00";"18001.00000";"18033.50000";"52900.00";"0.00";"IST";"PT";"0s";"-0.00"
"28";"USATECHIDXUSD_ICM";"Buy";"18311.4";"18318.9";"2024.03.04 08:00:00";"2024.03.04 08:00:00";"40.0";"300.00";"18286.40039";"18318.90039";"53200.00";"0.00";"IST";"PT";"0s";"-0.00"
"29";"USATECHIDXUSD_ICM";"Buy";"18046.3";"18053.8";"2024.03.07 12:00:00";"2024.03.07 12:00:00";"40.0";"300.00";"18021.30078";"18053.80078";"53500.00";"0.00";"IST";"PT";"0s";"-0.00"
"30";"USATECHIDXUSD_ICM";"Buy";"18278.0";"18285.5";"2024.03.08 10:00:00";"2024.03.08 10:00:00";"40.0";"300.00";"18253.00000";"18285.50000";"53800.00";"0.00";"IST";"PT";"0s";"-0.00"
"31";"USATECHIDXUSD_ICM";"Buy";"18022.8";"18030.3";"2024.03.12 12:00:00";"2024.03.12 12:00:00";"40.0";"300.00";"17997.80078";"18030.30078";"54100.00";"0.00";"IST";"PT";"0s";"-0.00"
"32";"USATECHIDXUSD_ICM";"Buy";"18201.3";"18208.8";"2024.03.13 12:00:00";"2024.03.13 13:00:00";"40.0";"300.00";"18176.30078";"18208.80078";"54400.00";"0.00";"IST";"PT";"1h 0m";"-0.00"
"33";"USATECHIDXUSD_ICM";"Buy";"18130.4";"18137.9";"2024.03.14 09:00:00";"2024.03.14 09:00:00";"40.0";"300.00";"18105.40039";"18137.90039";"54700.00";"0.00";"IST";"PT";"0s";"-0.00"
"34";"USATECHIDXUSD_ICM";"Buy";"17929.9";"17937.4";"2024.03.18 13:00:00";"2024.03.18 13:00:00";"40.0";"300.00";"17904.90039";"17937.40039";"55000.00";"0.00";"IST";"PT";"0s";"-0.00"
"35";"USATECHIDXUSD_ICM";"Buy";"17937.1";"17944.6";"2024.03.19 10:00:00";"2024.03.19 10:00:00";"40.0";"300.00";"17912.09961";"17944.59961";"55300.00";"0.00";"IST";"PT";"0s";"-0.00"
"36";"USATECHIDXUSD_ICM";"Buy";"18012.2";"18019.7";"2024.03.20 11:00:00";"2024.03.20 11:00:00";"40.0";"300.00";"17987.19922";"18019.69922";"55600.00";"0.00";"IST";"PT";"0s";"-0.00"
"37";"USATECHIDXUSD_ICM";"Buy";"18368.2";"18375.7";"2024.03.21 09:00:00";"2024.03.21 09:00:00";"40.0";"300.00";"18343.19922";"18375.69922";"55900.00";"0.00";"IST";"PT";"0s";"-0.00"
"38";"USATECHIDXUSD_ICM";"Buy";"18336.1";"18343.6";"2024.03.22 08:00:00";"2024.03.22 08:00:00";"40.0";"300.00";"18311.09961";"18343.59961";"56200.00";"0.00";"IST";"PT";"0s";"-0.00"
"39";"USATECHIDXUSD_ICM";"Buy";"18331.9";"18306.9";"2024.03.25 08:00:00";"2024.03.25 09:00:00";"40.0";"-1000.00";"18306.90039";"18339.40039";"55200.00";"0.00";"IST";"SL";"1h 0m";"-0.00"
"40";"USATECHIDXUSD_ICM";"Buy";"18304.8";"18312.3";"2024.03.26 08:00:00";"2024.03.26 08:00:00";"40.0";"300.00";"18279.80078";"18312.30078";"55500.00";"0.00";"IST";"PT";"0s";"-0.00"
"41";"USATECHIDXUSD_ICM";"Buy";"18290.8";"18298.3";"2024.03.27 12:00:00";"2024.03.27 12:00:00";"40.0";"300.00";"18265.80078";"18298.30078";"55800.00";"0.00";"IST";"PT";"0s";"-0.00"
"42";"USATECHIDXUSD_ICM";"Buy";"18261.2";"18268.7";"2024.03.28 12:00:00";"2024.03.28 12:00:00";"40.0";"300.00";"18236.19922";"18268.69922";"56100.00";"0.00";"IST";"PT";"0s";"-0.00"
"43";"USATECHIDXUSD_ICM";"Buy";"18362.5";"18337.5";"2024.04.01 14:00:00";"2024.04.01 14:00:00";"40.0";"-1000.00";"18337.50000";"18370.00000";"55100.00";"0.00";"IST";"SL";"0s";"-0.00"
"44";"USATECHIDXUSD_ICM";"Buy";"18237.5";"18245.0";"2024.04.04 11:00:00";"2024.04.04 11:00:00";"40.0";"300.00";"18212.50000";"18245.00000";"55400.00";"0.00";"IST";"PT";"0s";"-0.00"
"45";"USATECHIDXUSD_ICM";"Buy";"18093.0";"18100.5";"2024.04.08 08:00:00";"2024.04.08 08:00:00";"40.0";"300.00";"18068.00000";"18100.50000";"55700.00";"0.00";"IST";"PT";"0s";"-0.00"
"46";"USATECHIDXUSD_ICM";"Buy";"18122.9";"18130.4";"2024.04.09 08:00:00";"2024.04.09 08:00:00";"40.0";"300.00";"18097.90039";"18130.40039";"56000.00";"0.00";"IST";"PT";"0s";"-0.00"
"47";"USATECHIDXUSD_ICM";"Buy";"18214.7";"18189.7";"2024.04.10 12:00:00";"2024.04.10 12:00:00";"40.0";"-1000.00";"18189.69922";"18222.19922";"55000.00";"0.00";"IST";"SL";"0s";"-0.00"
"48";"USATECHIDXUSD_ICM";"Buy";"18244.8";"18219.8";"2024.04.12 13:00:00";"2024.04.12 13:00:00";"40.0";"-1000.00";"18219.80078";"18252.30078";"54000.00";"0.00";"IST";"SL";"0s";"-0.00"
"49";"USATECHIDXUSD_ICM";"Buy";"18107.4";"18114.9";"2024.04.15 14:00:00";"2024.04.15 14:00:00";"40.0";"300.00";"18082.40039";"18114.90039";"54300.00";"0.00";"IST";"PT";"0s";"-0.00"
"50";"USATECHIDXUSD_ICM";"Buy";"17748.3";"17723.3";"2024.04.17 12:00:00";"2024.04.17 12:00:00";"40.0";"-1000.00";"17723.30078";"17755.80078";"53300.00";"0.00";"IST";"SL";"0s";"-0.00"
"51";"USATECHIDXUSD_ICM";"Buy";"17225.7";"17233.2";"2024.04.23 11:00:00";"2024.04.23 11:00:00";"40.0";"300.00";"17200.69922";"17233.19922";"53600.00";"0.00";"IST";"PT";"0s";"-0.00"
"52";"USATECHIDXUSD_ICM";"Buy";"17558.1";"17565.6";"2024.04.24 12:00:00";"2024.04.24 12:00:00";"40.0";"300.00";"17533.09961";"17565.59961";"53900.00";"0.00";"IST";"PT";"0s";"-0.00"
"53";"USATECHIDXUSD_ICM";"Buy";"17601.2";"17608.7";"2024.04.26 13:00:00";"2024.04.26 13:00:00";"40.0";"300.00";"17576.19922";"17608.69922";"54200.00";"0.00";"IST";"PT";"0s";"-0.00"
"54";"USATECHIDXUSD_ICM";"Buy";"17783.0";"17790.5";"2024.04.29 08:00:00";"2024.04.29 08:00:00";"40.0";"300.00";"17758.00000";"17790.50000";"54500.00";"0.00";"IST";"PT";"0s";"-0.00"
"55";"USATECHIDXUSD_ICM";"Buy";"17767.2";"17774.7";"2024.04.30 09:00:00";"2024.04.30 09:00:00";"40.0";"300.00";"17742.19922";"17774.69922";"54800.00";"0.00";"IST";"PT";"0s";"-0.00"
"56";"USATECHIDXUSD_ICM";"Buy";"17429.6";"17437.1";"2024.05.02 09:00:00";"2024.05.02 09:00:00";"40.0";"300.00";"17404.59961";"17437.09961";"55100.00";"0.00";"IST";"PT";"0s";"-0.00"
"57";"USATECHIDXUSD_ICM";"Buy";"17641.5";"17649.0";"2024.05.03 15:00:00";"2024.05.03 15:00:00";"40.0";"300.00";"17616.50000";"17649.00000";"55400.00";"0.00";"IST";"PT";"0s";"-0.00"
"58";"USATECHIDXUSD_ICM";"Buy";"18077.0";"18052.0";"2024.05.07 14:00:00";"2024.05.07 14:00:00";"40.0";"-1000.00";"18052.00000";"18084.50000";"54400.00";"0.00";"IST";"SL";"0s";"-0.00"
"59";"USATECHIDXUSD_ICM";"Buy";"18080.1";"18087.6";"2024.05.08 08:00:00";"2024.05.08 08:00:00";"40.0";"300.00";"18055.09961";"18087.59961";"54700.00";"0.00";"IST";"PT";"0s";"-0.00"
"60";"USATECHIDXUSD_ICM";"Buy";"18190.7";"18198.2";"2024.05.13 08:00:00";"2024.05.13 08:00:00";"40.0";"300.00";"18165.69922";"18198.19922";"55000.00";"0.00";"IST";"PT";"0s";"-0.00"
"61";"USATECHIDXUSD_ICM";"Buy";"18192.0";"18199.5";"2024.05.14 15:00:00";"2024.05.14 15:00:00";"40.0";"300.00";"18167.00000";"18199.50000";"55300.00";"0.00";"IST";"PT";"0s";"-0.00"
"62";"USATECHIDXUSD_ICM";"Buy";"18317.2";"18324.7";"2024.05.15 09:00:00";"2024.05.15 15:00:00";"40.0";"300.00";"18292.19922";"18324.69922";"55600.00";"0.00";"IST";"PT";"6h 0m";"-0.00"
"63";"USATECHIDXUSD_ICM";"Buy";"18625.4";"18632.9";"2024.05.16 14:00:00";"2024.05.16 15:00:00";"40.0";"300.00";"18600.40039";"18632.90039";"55900.00";"0.00";"IST";"PT";"1h 0m";"-0.00"
"64";"USATECHIDXUSD_ICM";"Buy";"18570.9";"18578.4";"2024.05.17 09:00:00";"2024.05.17 09:00:00";"40.0";"300.00";"18545.90039";"18578.40039";"56200.00";"0.00";"IST";"PT";"0s";"-0.00"
"65";"USATECHIDXUSD_ICM";"Buy";"18578.4";"18585.9";"2024.05.20 10:00:00";"2024.05.20 13:00:00";"40.0";"300.00";"18553.40039";"18585.90039";"56500.00";"0.00";"IST";"PT";"3h 0m";"-0.00"
"66";"USATECHIDXUSD_ICM";"Buy";"18655.2";"18662.7";"2024.05.21 12:00:00";"2024.05.21 13:00:00";"40.0";"300.00";"18630.19922";"18662.69922";"56800.00";"0.00";"IST";"PT";"1h 0m";"-0.00"
"67";"USATECHIDXUSD_ICM";"Buy";"18734.3";"18709.3";"2024.05.22 09:00:00";"2024.05.22 10:00:00";"40.0";"-1000.00";"18709.30078";"18741.80078";"55800.00";"0.00";"IST";"SL";"1h 0m";"-0.00"
"68";"USATECHIDXUSD_ICM";"Buy";"18865.6";"18873.1";"2024.05.23 10:00:00";"2024.05.23 10:00:00";"40.0";"300.00";"18840.59961";"18873.09961";"56100.00";"0.00";"IST";"PT";"0s";"-0.00"
"69";"USATECHIDXUSD_ICM";"Buy";"18791.0";"18798.5";"2024.05.27 08:00:00";"2024.05.27 09:00:00";"40.0";"300.00";"18766.00000";"18798.50000";"56400.00";"0.00";"IST";"PT";"1h 0m";"-0.00"
"70";"USATECHIDXUSD_ICM";"Buy";"18850.5";"18858.0";"2024.05.28 11:00:00";"2024.05.28 11:00:00";"40.0";"300.00";"18825.50000";"18858.00000";"56700.00";"0.00";"IST";"PT";"0s";"-0.00"
"71";"USATECHIDXUSD_ICM";"Buy";"18615.2";"18622.7";"2024.06.03 13:00:00";"2024.06.03 13:00:00";"40.0";"300.00";"18590.19922";"18622.69922";"57000.00";"0.00";"IST";"PT";"0s";"-0.00"
"72";"USATECHIDXUSD_ICM";"Buy";"18708.0";"18683.0";"2024.06.05 09:00:00";"2024.06.05 09:00:00";"40.0";"-1000.00";"18683.00000";"18715.50000";"56000.00";"0.00";"IST";"SL";"0s";"-0.00"
"73";"USATECHIDXUSD_ICM";"Buy";"19054.1";"19029.1";"2024.06.06 08:00:00";"2024.06.06 09:00:00";"40.0";"-1000.00";"19029.09961";"19061.59961";"55000.00";"0.00";"IST";"SL";"1h 0m";"-0.00"
"74";"USATECHIDXUSD_ICM";"Buy";"19054.2";"19061.7";"2024.06.07 08:00:00";"2024.06.07 08:00:00";"40.0";"300.00";"19029.19922";"19061.69922";"55300.00";"0.00";"IST";"PT";"0s";"-0.00"
"75";"USATECHIDXUSD_ICM";"Buy";"19054.7";"19062.2";"2024.06.11 08:00:00";"2024.06.11 08:00:00";"40.0";"300.00";"19029.69922";"19062.19922";"55600.00";"0.00";"IST";"PT";"0s";"-0.00"
"76";"USATECHIDXUSD_ICM";"Buy";"19236.3";"19243.8";"2024.06.12 13:00:00";"2024.06.12 14:00:00";"40.0";"300.00";"19211.30078";"19243.80078";"55900.00";"0.00";"IST";"PT";"1h 0m";"-0.00"
"77";"USATECHIDXUSD_ICM";"Buy";"19620.3";"19627.8";"2024.06.13 10:00:00";"2024.06.13 10:00:00";"40.0";"300.00";"19595.30078";"19627.80078";"56200.00";"0.00";"IST";"PT";"0s";"-0.00"
"78";"USATECHIDXUSD_ICM";"Buy";"19607.1";"19614.6";"2024.06.14 10:00:00";"2024.06.14 10:00:00";"40.0";"300.00";"19582.09961";"19614.59961";"56500.00";"0.00";"IST";"PT";"0s";"-0.00"
"79";"USATECHIDXUSD_ICM";"Buy";"19699.0";"19674.0";"2024.06.17 15:00:00";"2024.06.17 15:00:00";"40.0";"-1000.00";"19674.00000";"19706.50000";"55500.00";"0.00";"IST";"SL";"0s";"-0.00"
"80";"USATECHIDXUSD_ICM";"Buy";"19910.1";"19917.6";"2024.06.18 10:00:00";"2024.06.18 10:00:00";"40.0";"300.00";"19885.09961";"19917.59961";"55800.00";"0.00";"IST";"PT";"0s";"-0.00"
"81";"USATECHIDXUSD_ICM";"Buy";"19933.9";"19941.4";"2024.06.19 09:00:00";"2024.06.19 09:00:00";"40.0";"300.00";"19908.90039";"19941.40039";"56100.00";"0.00";"IST";"PT";"0s";"-0.00"
"82";"USATECHIDXUSD_ICM";"Buy";"20020.5";"20028.0";"2024.06.20 08:00:00";"2024.06.20 08:00:00";"40.0";"300.00";"19995.50000";"20028.00000";"56400.00";"0.00";"IST";"PT";"0s";"-0.00"
"83";"USATECHIDXUSD_ICM";"Buy";"19729.4";"19736.9";"2024.06.26 08:00:00";"2024.06.26 08:00:00";"40.0";"300.00";"19704.40039";"19736.90039";"56700.00";"0.00";"IST";"PT";"0s";"-0.00"
"84";"USATECHIDXUSD_ICM";"Buy";"19694.4";"19701.9";"2024.06.27 09:00:00";"2024.06.27 09:00:00";"40.0";"300.00";"19669.40039";"19701.90039";"57000.00";"0.00";"IST";"PT";"0s";"-0.00"
"85";"USATECHIDXUSD_ICM";"Buy";"19857.5";"19865.0";"2024.06.28 08:00:00";"2024.06.28 09:00:00";"40.0";"300.00";"19832.50000";"19865.00000";"57300.00";"0.00";"IST";"PT";"1h 0m";"-0.00"
"86";"USATECHIDXUSD_ICM";"Buy";"20029.2";"20004.2";"2024.07.03 13:00:00";"2024.07.03 14:00:00";"40.0";"-1000.00";"20004.19922";"20036.69922";"56300.00";"0.00";"IST";"SL";"1h 0m";"-0.00"
"87";"USATECHIDXUSD_ICM";"Buy";"20200.4";"20207.9";"2024.07.05 13:00:00";"2024.07.05 13:00:00";"40.0";"300.00";"20175.40039";"20207.90039";"56600.00";"0.00";"IST";"PT";"0s";"-0.00"
"88";"USATECHIDXUSD_ICM";"Buy";"20500.2";"20507.7";"2024.07.09 10:00:00";"2024.07.09 10:00:00";"40.0";"300.00";"20475.19922";"20507.69922";"56900.00";"0.00";"IST";"PT";"0s";"-0.00"
"89";"USATECHIDXUSD_ICM";"Buy";"20477.1";"20484.6";"2024.07.10 10:00:00";"2024.07.10 10:00:00";"40.0";"300.00";"20452.09961";"20484.59961";"57200.00";"0.00";"IST";"PT";"0s";"-0.00"
"90";"USATECHIDXUSD_ICM";"Buy";"20657.7";"20665.2";"2024.07.11 15:00:00";"2024.07.11 15:00:00";"40.0";"300.00";"20632.69922";"20665.19922";"57500.00";"0.00";"IST";"PT";"0s";"-0.00"
"91";"USATECHIDXUSD_ICM";"Buy";"20380.6";"20388.1";"2024.07.15 08:00:00";"2024.07.15 08:00:00";"40.0";"300.00";"20355.59961";"20388.09961";"57800.00";"0.00";"IST";"PT";"0s";"-0.00"
"92";"USATECHIDXUSD_ICM";"Buy";"20438.3";"20413.3";"2024.07.16 09:00:00";"2024.07.16 09:00:00";"40.0";"-1000.00";"20413.30078";"20445.80078";"56800.00";"0.00";"IST";"SL";"0s";"-0.00"
"93";"USATECHIDXUSD_ICM";"Buy";"19744.2";"19751.7";"2024.07.23 12:00:00";"2024.07.23 12:00:00";"40.0";"300.00";"19719.19922";"19751.69922";"57100.00";"0.00";"IST";"PT";"0s";"-0.00"
"94";"USATECHIDXUSD_ICM";"Buy";"19066.0";"19041.0";"2024.07.26 12:00:00";"2024.07.26 12:00:00";"40.0";"-1000.00";"19041.00000";"19073.50000";"56100.00";"0.00";"IST";"SL";"0s";"-0.00"
"95";"USATECHIDXUSD_ICM";"Buy";"19100.4";"19107.9";"2024.07.29 12:00:00";"2024.07.29 12:00:00";"40.0";"300.00";"19075.40039";"19107.90039";"56400.00";"0.00";"IST";"PT";"0s";"-0.00"
"96";"USATECHIDXUSD_ICM";"Buy";"19105.7";"19113.2";"2024.07.30 14:00:00";"2024.07.30 14:00:00";"40.0";"300.00";"19080.69922";"19113.19922";"56700.00";"0.00";"IST";"PT";"0s";"-0.00"
"97";"USATECHIDXUSD_ICM";"Buy";"19071.9";"19079.4";"2024.07.31 12:00:00";"2024.07.31 12:00:00";"40.0";"300.00";"19046.90039";"19079.40039";"57000.00";"0.00";"IST";"PT";"0s";"-0.00"
"98";"USATECHIDXUSD_ICM";"Buy";"18220.5";"18195.5";"2024.08.06 08:00:00";"2024.08.06 08:00:00";"40.0";"-1000.00";"18195.50000";"18228.00000";"56000.00";"0.00";"IST";"SL";"0s";"-0.00"
"99";"USATECHIDXUSD_ICM";"Buy";"18156.7";"18164.2";"2024.08.07 11:00:00";"2024.08.07 11:00:00";"40.0";"300.00";"18131.69922";"18164.19922";"56300.00";"0.00";"IST";"PT";"0s";"-0.00"
"100";"USATECHIDXUSD_ICM";"Buy";"18413.0";"18420.5";"2024.08.09 09:00:00";"2024.08.09 09:00:00";"40.0";"300.00";"18388.00000";"18420.50000";"56600.00";"0.00";"IST";"PT";"0s";"-0.00"
"101";"USATECHIDXUSD_ICM";"Buy";"18545.2";"18520.2";"2024.08.12 09:00:00";"2024.08.12 09:00:00";"40.0";"-1000.00";"18520.19922";"18552.69922";"55600.00";"0.00";"IST";"SL";"0s";"-0.00"
"102";"USATECHIDXUSD_ICM";"Buy";"18563.4";"18570.9";"2024.08.13 14:00:00";"2024.08.13 14:00:00";"40.0";"300.00";"18538.40039";"18570.90039";"55900.00";"0.00";"IST";"PT";"0s";"-0.00"
"103";"USATECHIDXUSD_ICM";"Buy";"19006.4";"19013.9";"2024.08.14 08:00:00";"2024.08.14 08:00:00";"40.0";"300.00";"18981.40039";"19013.90039";"56200.00";"0.00";"IST";"PT";"0s";"-0.00"
"104";"USATECHIDXUSD_ICM";"Buy";"19090.1";"19065.1";"2024.08.15 09:00:00";"2024.08.15 09:00:00";"40.0";"-1000.00";"19065.09961";"19097.59961";"55200.00";"0.00";"IST";"SL";"0s";"-0.00"
"105";"USATECHIDXUSD_ICM";"Buy";"19563.2";"19570.7";"2024.08.16 09:00:00";"2024.08.16 09:00:00";"40.0";"300.00";"19538.19922";"19570.69922";"55500.00";"0.00";"IST";"PT";"0s";"-0.00"
"106";"USATECHIDXUSD_ICM";"Buy";"19483.2";"19490.7";"2024.08.19 10:00:00";"2024.08.19 10:00:00";"40.0";"300.00";"19458.19922";"19490.69922";"55800.00";"0.00";"IST";"PT";"0s";"-0.00"
"107";"USATECHIDXUSD_ICM";"Buy";"19795.2";"19802.7";"2024.08.20 09:00:00";"2024.08.20 09:00:00";"40.0";"300.00";"19770.19922";"19802.69922";"56100.00";"0.00";"IST";"PT";"0s";"-0.00"
"108";"USATECHIDXUSD_ICM";"Buy";"19758.1";"19733.1";"2024.08.21 08:00:00";"2024.08.21 09:00:00";"40.0";"-1000.00";"19733.09961";"19765.59961";"55100.00";"0.00";"IST";"SL";"1h 0m";"-0.00"
"109";"USATECHIDXUSD_ICM";"Buy";"19869.0";"19876.5";"2024.08.22 14:00:00";"2024.08.22 14:00:00";"40.0";"300.00";"19844.00000";"19876.50000";"55400.00";"0.00";"IST";"PT";"0s";"-0.00"
"110";"USATECHIDXUSD_ICM";"Buy";"19703.0";"19710.5";"2024.08.26 08:00:00";"2024.08.26 08:00:00";"40.0";"300.00";"19678.00000";"19710.50000";"55700.00";"0.00";"IST";"PT";"0s";"-0.00"
"111";"USATECHIDXUSD_ICM";"Buy";"19563.6";"19571.1";"2024.08.28 09:00:00";"2024.08.28 09:00:00";"40.0";"300.00";"19538.59961";"19571.09961";"56000.00";"0.00";"IST";"PT";"0s";"-0.00"
"112";"USATECHIDXUSD_ICM";"Buy";"19422.5";"19430.0";"2024.08.30 10:00:00";"2024.08.30 10:00:00";"40.0";"300.00";"19397.50000";"19430.00000";"56300.00";"0.00";"IST";"PT";"0s";"-0.00"
"113";"USATECHIDXUSD_ICM";"Buy";"19520.1";"19527.6";"2024.09.02 12:00:00";"2024.09.02 12:00:00";"40.0";"300.00";"19495.09961";"19527.59961";"56600.00";"0.00";"IST";"PT";"0s";"-0.00"
"114";"USATECHIDXUSD_ICM";"Buy";"19505.4";"19512.9";"2024.09.03 08:00:00";"2024.09.03 08:00:00";"40.0";"300.00";"19480.40039";"19512.90039";"56900.00";"0.00";"IST";"PT";"0s";"-0.00"
"115";"USATECHIDXUSD_ICM";"Buy";"18903.1";"18910.6";"2024.09.05 14:00:00";"2024.09.05 14:00:00";"40.0";"300.00";"18878.09961";"18910.59961";"57200.00";"0.00";"IST";"PT";"0s";"-0.00"
"116";"USATECHIDXUSD_ICM";"Buy";"18667.8";"18675.3";"2024.09.10 15:00:00";"2024.09.10 15:00:00";"40.0";"300.00";"18642.80078";"18675.30078";"57500.00";"0.00";"IST";"PT";"0s";"-0.00"
"117";"USATECHIDXUSD_ICM";"Buy";"18761.6";"18769.1";"2024.09.11 10:00:00";"2024.09.11 10:00:00";"40.0";"300.00";"18736.59961";"18769.09961";"57800.00";"0.00";"IST";"PT";"0s";"-0.00"
"118";"USATECHIDXUSD_ICM";"Buy";"19436.3";"19443.8";"2024.09.13 12:00:00";"2024.09.13 12:00:00";"40.0";"300.00";"19411.30078";"19443.80078";"58100.00";"0.00";"IST";"PT";"0s";"-0.00"
"119";"USATECHIDXUSD_ICM";"Buy";"19499.9";"19474.9";"2024.09.16 09:00:00";"2024.09.16 09:00:00";"40.0";"-1000.00";"19474.90039";"19507.40039";"57100.00";"0.00";"IST";"SL";"0s";"-0.00"
"120";"USATECHIDXUSD_ICM";"Buy";"19507.0";"19514.5";"2024.09.17 14:00:00";"2024.09.17 14:00:00";"40.0";"300.00";"19482.00000";"19514.50000";"57400.00";"0.00";"IST";"PT";"0s";"-0.00"
"121";"USATECHIDXUSD_ICM";"Buy";"19433.7";"19441.2";"2024.09.18 08:00:00";"2024.09.18 08:00:00";"40.0";"300.00";"19408.69922";"19441.19922";"57700.00";"0.00";"IST";"PT";"0s";"-0.00"
"122";"USATECHIDXUSD_ICM";"Buy";"19674.1";"19649.1";"2024.09.19 10:00:00";"2024.09.19 10:00:00";"40.0";"-1000.00";"19649.09961";"19681.59961";"56700.00";"0.00";"IST";"SL";"0s";"-0.00"
"123";"USATECHIDXUSD_ICM";"Buy";"19808.1";"19815.6";"2024.09.20 09:00:00";"2024.09.20 10:00:00";"40.0";"300.00";"19783.09961";"19815.59961";"57000.00";"0.00";"IST";"PT";"1h 0m";"-0.00"
"124";"USATECHIDXUSD_ICM";"Buy";"19850.8";"19858.3";"2024.09.24 08:00:00";"2024.09.24 08:00:00";"40.0";"300.00";"19825.80078";"19858.30078";"57300.00";"0.00";"IST";"PT";"0s";"-0.00"
"125";"USATECHIDXUSD_ICM";"Buy";"19870.8";"19878.3";"2024.09.25 12:00:00";"2024.09.25 12:00:00";"40.0";"300.00";"19845.80078";"19878.30078";"57600.00";"0.00";"IST";"PT";"0s";"-0.00"
"126";"USATECHIDXUSD_ICM";"Buy";"20235.2";"20242.7";"2024.09.26 10:00:00";"2024.09.26 10:00:00";"40.0";"300.00";"20210.19922";"20242.69922";"57900.00";"0.00";"IST";"PT";"0s";"-0.00"
"127";"USATECHIDXUSD_ICM";"Buy";"20128.7";"20136.2";"2024.09.27 08:00:00";"2024.09.27 08:00:00";"40.0";"300.00";"20103.69922";"20136.19922";"58200.00";"0.00";"IST";"PT";"0s";"-0.00"
"128";"USATECHIDXUSD_ICM";"Buy";"20046.7";"20054.2";"2024.10.01 08:00:00";"2024.10.01 08:00:00";"40.0";"300.00";"20021.69922";"20054.19922";"58500.00";"0.00";"IST";"PT";"0s";"-0.00"
"129";"USATECHIDXUSD_ICM";"Buy";"19744.2";"19751.7";"2024.10.03 14:00:00";"2024.10.03 14:00:00";"40.0";"300.00";"19719.19922";"19751.69922";"58800.00";"0.00";"IST";"PT";"0s";"-0.00"
"130";"USATECHIDXUSD_ICM";"Buy";"19819.4";"19794.4";"2024.10.04 09:00:00";"2024.10.04 10:00:00";"40.0";"-1000.00";"19794.40039";"19826.90039";"57800.00";"0.00";"IST";"SL";"1h 0m";"-0.00"
"131";"USATECHIDXUSD_ICM";"Buy";"20020.5";"19995.5";"2024.10.07 08:00:00";"2024.10.07 08:00:00";"40.0";"-1000.00";"19995.50000";"20028.00000";"56800.00";"0.00";"IST";"SL";"0s";"-0.00"
"132";"USATECHIDXUSD_ICM";"Buy";"19899.8";"19907.3";"2024.10.08 14:00:00";"2024.10.08 14:00:00";"40.0";"300.00";"19874.80078";"19907.30078";"57100.00";"0.00";"IST";"PT";"0s";"-0.00"
"133";"USATECHIDXUSD_ICM";"Buy";"20040.0";"20047.5";"2024.10.09 08:00:00";"2024.10.09 08:00:00";"40.0";"300.00";"20015.00000";"20047.50000";"57400.00";"0.00";"IST";"PT";"0s";"-0.00"
"134";"USATECHIDXUSD_ICM";"Buy";"20232.5";"20207.5";"2024.10.11 10:00:00";"2024.10.11 10:00:00";"40.0";"-1000.00";"20207.50000";"20240.00000";"56400.00";"0.00";"IST";"SL";"0s";"-0.00"
"135";"USATECHIDXUSD_ICM";"Buy";"20266.0";"20273.5";"2024.10.14 10:00:00";"2024.10.14 10:00:00";"40.0";"300.00";"20241.00000";"20273.50000";"56700.00";"0.00";"IST";"PT";"0s";"-0.00"
"136";"USATECHIDXUSD_ICM";"Buy";"20432.1";"20439.6";"2024.10.15 14:00:00";"2024.10.15 14:00:00";"40.0";"300.00";"20407.09961";"20439.59961";"57000.00";"0.00";"IST";"PT";"0s";"-0.00"
"137";"USATECHIDXUSD_ICM";"Buy";"20168.4";"20175.9";"2024.10.17 09:00:00";"2024.10.17 09:00:00";"40.0";"300.00";"20143.40039";"20175.90039";"57300.00";"0.00";"IST";"PT";"0s";"-0.00"
"138";"USATECHIDXUSD_ICM";"Buy";"20240.4";"20247.9";"2024.10.18 09:00:00";"2024.10.18 09:00:00";"40.0";"300.00";"20215.40039";"20247.90039";"57600.00";"0.00";"IST";"PT";"0s";"-0.00"
"139";"USATECHIDXUSD_ICM";"Buy";"20295.8";"20303.3";"2024.10.22 09:00:00";"2024.10.22 09:00:00";"40.0";"300.00";"20270.80078";"20303.30078";"57900.00";"0.00";"IST";"PT";"0s";"-0.00"
"140";"USATECHIDXUSD_ICM";"Buy";"20344.3";"20351.8";"2024.10.23 10:00:00";"2024.10.23 10:00:00";"40.0";"300.00";"20319.30078";"20351.80078";"58200.00";"0.00";"IST";"PT";"0s";"-0.00"
"141";"USATECHIDXUSD_ICM";"Buy";"20269.7";"20277.2";"2024.10.24 15:00:00";"2024.10.24 15:00:00";"40.0";"300.00";"20244.69922";"20277.19922";"58500.00";"0.00";"IST";"PT";"0s";"-0.00"
"142";"USATECHIDXUSD_ICM";"Buy";"20228.6";"20236.1";"2024.10.25 08:00:00";"2024.10.25 08:00:00";"40.0";"300.00";"20203.59961";"20236.09961";"58800.00";"0.00";"IST";"PT";"0s";"-0.00"
"143";"USATECHIDXUSD_ICM";"Buy";"20489.9";"20464.9";"2024.10.28 11:00:00";"2024.10.28 11:00:00";"40.0";"-1000.00";"20464.90039";"20497.40039";"57800.00";"0.00";"IST";"SL";"0s";"-0.00"
"144";"USATECHIDXUSD_ICM";"Buy";"20401.8";"20409.3";"2024.10.29 10:00:00";"2024.10.29 10:00:00";"40.0";"300.00";"20376.80078";"20409.30078";"58100.00";"0.00";"IST";"PT";"0s";"-0.00"
"145";"USATECHIDXUSD_ICM";"Buy";"20574.5";"20582.0";"2024.10.30 15:00:00";"2024.10.30 15:00:00";"40.0";"300.00";"20549.50000";"20582.00000";"58400.00";"0.00";"IST";"PT";"0s";"-0.00"
"146";"USATECHIDXUSD_ICM";"Buy";"20111.2";"20118.7";"2024.11.04 08:00:00";"2024.11.04 08:00:00";"40.0";"300.00";"20086.19922";"20118.69922";"58700.00";"0.00";"IST";"PT";"0s";"-0.00"
"147";"USATECHIDXUSD_ICM";"Buy";"20002.0";"20009.5";"2024.11.05 09:00:00";"2024.11.05 09:00:00";"40.0";"300.00";"19977.00000";"20009.50000";"59000.00";"0.00";"IST";"PT";"0s";"-0.00"
"148";"USATECHIDXUSD_ICM";"Buy";"20530.2";"20537.7";"2024.11.06 09:00:00";"2024.11.06 09:00:00";"40.0";"300.00";"20505.19922";"20537.69922";"59300.00";"0.00";"IST";"PT";"0s";"-0.00"
"149";"USATECHIDXUSD_ICM";"Buy";"20826.3";"20801.3";"2024.11.07 09:00:00";"2024.11.07 09:00:00";"40.0";"-1000.00";"20801.30078";"20833.80078";"58300.00";"0.00";"IST";"SL";"0s";"-0.00"
"150";"USATECHIDXUSD_ICM";"Buy";"21136.8";"21111.8";"2024.11.08 08:00:00";"2024.11.08 08:00:00";"40.0";"-1000.00";"21111.80078";"21144.30078";"57300.00";"0.00";"IST";"SL";"0s";"-0.00"
"151";"USATECHIDXUSD_ICM";"Buy";"21184.0";"21191.5";"2024.11.11 11:00:00";"2024.11.11 11:00:00";"40.0";"300.00";"21159.00000";"21191.50000";"57600.00";"0.00";"IST";"PT";"0s";"-0.00"
"152";"USATECHIDXUSD_ICM";"Buy";"21123.0";"21098.0";"2024.11.12 11:00:00";"2024.11.12 11:00:00";"40.0";"-1000.00";"21098.00000";"21130.50000";"56600.00";"0.00";"IST";"SL";"0s";"-0.00"
"153";"USATECHIDXUSD_ICM";"Buy";"21045.6";"21053.1";"2024.11.14 15:00:00";"2024.11.14 15:00:00";"40.0";"300.00";"21020.59961";"21053.09961";"56900.00";"0.00";"IST";"PT";"0s";"-0.00"
"154";"USATECHIDXUSD_ICM";"Buy";"20578.5";"20586.0";"2024.11.19 10:00:00";"2024.11.19 10:00:00";"40.0";"300.00";"20553.50000";"20586.00000";"57200.00";"0.00";"IST";"PT";"0s";"-0.00"
"155";"USATECHIDXUSD_ICM";"Buy";"20705.3";"20680.3";"2024.11.20 12:00:00";"2024.11.20 12:00:00";"40.0";"-1000.00";"20680.30078";"20712.80078";"56200.00";"0.00";"IST";"SL";"0s";"-0.00"
"156";"USATECHIDXUSD_ICM";"Buy";"20605.4";"20612.9";"2024.11.21 09:00:00";"2024.11.21 09:00:00";"40.0";"300.00";"20580.40039";"20612.90039";"56500.00";"0.00";"IST";"PT";"0s";"-0.00"
"157";"USATECHIDXUSD_ICM";"Buy";"20720.9";"20728.4";"2024.11.22 09:00:00";"2024.11.22 09:00:00";"40.0";"300.00";"20695.90039";"20728.40039";"56800.00";"0.00";"IST";"PT";"0s";"-0.00"
"158";"USATECHIDXUSD_ICM";"Buy";"20804.7";"20812.2";"2024.11.26 10:00:00";"2024.11.26 10:00:00";"40.0";"300.00";"20779.69922";"20812.19922";"57100.00";"0.00";"IST";"PT";"0s";"-0.00"
"159";"USATECHIDXUSD_ICM";"Buy";"20885.2";"20892.7";"2024.11.27 08:00:00";"2024.11.27 08:00:00";"40.0";"300.00";"20860.19922";"20892.69922";"57400.00";"0.00";"IST";"PT";"0s";"-0.00"
"160";"USATECHIDXUSD_ICM";"Buy";"20799.6";"20807.1";"2024.11.28 10:00:00";"2024.11.28 14:00:00";"40.0";"300.00";"20774.59961";"20807.09961";"57700.00";"0.00";"IST";"PT";"4h 0m";"-0.00"
"161";"USATECHIDXUSD_ICM";"Buy";"20823.2";"20830.7";"2024.11.29 10:00:00";"2024.11.29 10:00:00";"40.0";"300.00";"20798.19922";"20830.69922";"58000.00";"0.00";"IST";"PT";"0s";"-0.00"
"162";"USATECHIDXUSD_ICM";"Buy";"20896.0";"20903.5";"2024.12.02 09:00:00";"2024.12.02 09:00:00";"40.0";"300.00";"20871.00000";"20903.50000";"58300.00";"0.00";"IST";"PT";"0s";"-0.00"
"163";"USATECHIDXUSD_ICM";"Buy";"21168.9";"21176.4";"2024.12.03 09:00:00";"2024.12.03 09:00:00";"40.0";"300.00";"21143.90039";"21176.40039";"58600.00";"0.00";"IST";"PT";"0s";"-0.00"
"164";"USATECHIDXUSD_ICM";"Buy";"21332.6";"21340.1";"2024.12.04 11:00:00";"2024.12.04 11:00:00";"40.0";"300.00";"21307.59961";"21340.09961";"58900.00";"0.00";"IST";"PT";"0s";"-0.00"
"165";"USATECHIDXUSD_ICM";"Buy";"21455.6";"21463.1";"2024.12.05 12:00:00";"2024.12.05 12:00:00";"40.0";"300.00";"21430.59961";"21463.09961";"59200.00";"0.00";"IST";"PT";"0s";"-0.00"
"166";"USATECHIDXUSD_ICM";"Buy";"21430.8";"21438.3";"2024.12.06 08:00:00";"2024.12.06 09:00:00";"40.0";"300.00";"21405.80078";"21438.30078";"59500.00";"0.00";"IST";"PT";"1h 0m";"-0.00"
"167";"USATECHIDXUSD_ICM";"Buy";"21572.2";"21547.2";"2024.12.09 13:00:00";"2024.12.09 13:00:00";"40.0";"-1000.00";"21547.19922";"21579.69922";"58500.00";"0.00";"IST";"SL";"0s";"-0.00"
"168";"USATECHIDXUSD_ICM";"Buy";"21407.6";"21415.1";"2024.12.11 13:00:00";"2024.12.11 13:00:00";"40.0";"300.00";"21382.59961";"21415.09961";"58800.00";"0.00";"IST";"PT";"0s";"-0.00"
"169";"USATECHIDXUSD_ICM";"Buy";"21700.2";"21707.7";"2024.12.12 12:00:00";"2024.12.12 12:00:00";"40.0";"300.00";"21675.19922";"21707.69922";"59100.00";"0.00";"IST";"PT";"0s";"-0.00"
"170";"USATECHIDXUSD_ICM";"Buy";"21771.1";"21778.6";"2024.12.16 08:00:00";"2024.12.16 08:00:00";"40.0";"300.00";"21746.09961";"21778.59961";"59400.00";"0.00";"IST";"PT";"0s";"-0.00"
"171";"USATECHIDXUSD_ICM";"Buy";"22018.7";"21993.7";"2024.12.18 08:00:00";"2024.12.18 08:00:00";"40.0";"-1000.00";"21993.69922";"22026.19922";"58400.00";"0.00";"IST";"SL";"0s";"-0.00"
"172";"USATECHIDXUSD_ICM";"Buy";"21406.6";"21414.1";"2024.12.23 11:00:00";"2024.12.23 11:00:00";"40.0";"300.00";"21381.59961";"21414.09961";"58700.00";"0.00";"IST";"PT";"0s";"-0.00"
"173";"USATECHIDXUSD_ICM";"Buy";"21505.1";"21512.6";"2024.12.24 09:00:00";"2024.12.24 09:00:00";"40.0";"300.00";"21480.09961";"21512.59961";"59000.00";"0.00";"IST";"PT";"0s";"-0.00"
"174";"USATECHIDXUSD_ICM";"Buy";"21832.6";"21807.6";"2024.12.26 09:00:00";"2024.12.26 10:00:00";"40.0";"-1000.00";"21807.59961";"21840.09961";"58000.00";"0.00";"IST";"SL";"1h 0m";"-0.00"
"175";"USATECHIDXUSD_ICM";"Buy";"21251.5";"21259.0";"2024.12.31 15:00:00";"2024.12.31 15:00:00";"40.0";"300.00";"21226.50000";"21259.00000";"58300.00";"0.00";"IST";"PT";"0s";"-0.00"
"176";"USATECHIDXUSD_ICM";"Buy";"21184.3";"21159.3";"2025.01.02 09:00:00";"2025.01.02 09:00:00";"40.0";"-1000.00";"21159.30078";"21191.80078";"57300.00";"0.00";"IST";"SL";"0s";"-0.00"
"177";"USATECHIDXUSD_ICM";"Buy";"21045.6";"21020.6";"2025.01.03 09:00:00";"2025.01.03 09:00:00";"40.0";"-1000.00";"21020.59961";"21053.09961";"56300.00";"0.00";"IST";"SL";"0s";"-0.00"
"178";"USATECHIDXUSD_ICM";"Buy";"21342.8";"21350.3";"2025.01.06 08:00:00";"2025.01.06 08:00:00";"40.0";"300.00";"21317.80078";"21350.30078";"56600.00";"0.00";"IST";"PT";"0s";"-0.00"
"179";"USATECHIDXUSD_ICM";"Buy";"21518.6";"21526.1";"2025.01.07 08:00:00";"2025.01.07 08:00:00";"40.0";"300.00";"21493.59961";"21526.09961";"56900.00";"0.00";"IST";"PT";"0s";"-0.00"
"180";"USATECHIDXUSD_ICM";"Buy";"21109.7";"21117.2";"2025.01.10 11:00:00";"2025.01.10 11:00:00";"40.0";"300.00";"21084.69922";"21117.19922";"57200.00";"0.00";"IST";"PT";"0s";"-0.00"
"181";"USATECHIDXUSD_ICM";"Buy";"20960.3";"20935.3";"2025.01.14 11:00:00";"2025.01.14 11:00:00";"40.0";"-1000.00";"20935.30078";"20967.80078";"56200.00";"0.00";"IST";"SL";"0s";"-0.00"
"182";"USATECHIDXUSD_ICM";"Buy";"20808.2";"20815.7";"2025.01.15 13:00:00";"2025.01.15 13:00:00";"40.0";"300.00";"20783.19922";"20815.69922";"56500.00";"0.00";"IST";"PT";"0s";"-0.00"
"183";"USATECHIDXUSD_ICM";"Buy";"21331.3";"21338.8";"2025.01.16 13:00:00";"2025.01.16 13:00:00";"40.0";"300.00";"21306.30078";"21338.80078";"56800.00";"0.00";"IST";"PT";"0s";"-0.00"
"184";"USATECHIDXUSD_ICM";"Buy";"21162.6";"21170.1";"2025.01.17 11:00:00";"2025.01.17 11:00:00";"40.0";"300.00";"21137.59961";"21170.09961";"57100.00";"0.00";"IST";"PT";"0s";"-0.00"
"185";"USATECHIDXUSD_ICM";"Buy";"21474.1";"21449.1";"2025.01.20 13:00:00";"2025.01.20 14:00:00";"40.0";"-1000.00";"21449.09961";"21481.59961";"56100.00";"0.00";"IST";"SL";"1h 0m";"-0.00"
"186";"USATECHIDXUSD_ICM";"Buy";"21452.7";"21460.2";"2025.01.21 09:00:00";"2025.01.21 09:00:00";"40.0";"300.00";"21427.69922";"21460.19922";"56400.00";"0.00";"IST";"PT";"0s";"-0.00"
"187";"USATECHIDXUSD_ICM";"Buy";"21705.3";"21712.8";"2025.01.22 10:00:00";"2025.01.22 10:00:00";"40.0";"300.00";"21680.30078";"21712.80078";"56700.00";"0.00";"IST";"PT";"0s";"-0.00"
"188";"USATECHIDXUSD_ICM";"Buy";"21859.1";"21866.6";"2025.01.24 08:00:00";"2025.01.24 08:00:00";"40.0";"300.00";"21834.09961";"21866.59961";"57000.00";"0.00";"IST";"PT";"0s";"-0.00"
"189";"USATECHIDXUSD_ICM";"Buy";"21269.4";"21244.4";"2025.01.28 11:00:00";"2025.01.28 11:00:00";"40.0";"-1000.00";"21244.40039";"21276.90039";"56000.00";"0.00";"IST";"SL";"0s";"-0.00"
"190";"USATECHIDXUSD_ICM";"Buy";"21547.9";"21555.4";"2025.01.29 10:00:00";"2025.01.29 10:00:00";"40.0";"300.00";"21522.90039";"21555.40039";"56300.00";"0.00";"IST";"PT";"0s";"-0.00"
"191";"USATECHIDXUSD_ICM";"Buy";"21522.2";"21529.7";"2025.01.30 14:00:00";"2025.01.30 14:00:00";"40.0";"300.00";"21497.19922";"21529.69922";"56600.00";"0.00";"IST";"PT";"0s";"-0.00"
"192";"USATECHIDXUSD_ICM";"Buy";"21667.6";"21675.1";"2025.01.31 13:00:00";"2025.01.31 13:00:00";"40.0";"300.00";"21642.59961";"21675.09961";"56900.00";"0.00";"IST";"PT";"0s";"-0.00"
"193";"USATECHIDXUSD_ICM";"Buy";"21297.0";"21304.5";"2025.02.04 10:00:00";"2025.02.04 10:00:00";"40.0";"300.00";"21272.00000";"21304.50000";"57200.00";"0.00";"IST";"PT";"0s";"-0.00"
"194";"USATECHIDXUSD_ICM";"Buy";"21366.7";"21374.2";"2025.02.05 11:00:00";"2025.02.05 11:00:00";"40.0";"300.00";"21341.69922";"21374.19922";"57500.00";"0.00";"IST";"PT";"0s";"-0.00"
"195";"USATECHIDXUSD_ICM";"Buy";"21700.2";"21707.7";"2025.02.06 11:00:00";"2025.02.06 11:00:00";"40.0";"300.00";"21675.19922";"21707.69922";"57800.00";"0.00";"IST";"PT";"0s";"-0.00"
"196";"USATECHIDXUSD_ICM";"Buy";"21775.0";"21750.0";"2025.02.07 14:00:00";"2025.02.07 15:00:00";"40.0";"-1000.00";"21750.00000";"21782.50000";"56800.00";"0.00";"IST";"SL";"1h 0m";"-0.00"
"197";"USATECHIDXUSD_ICM";"Buy";"21646.6";"21654.1";"2025.02.10 14:00:00";"2025.02.10 15:00:00";"40.0";"300.00";"21621.59961";"21654.09961";"57100.00";"0.00";"IST";"PT";"1h 0m";"-0.00"
"198";"USATECHIDXUSD_ICM";"Buy";"21668.8";"21676.3";"2025.02.11 11:00:00";"2025.02.11 11:00:00";"40.0";"300.00";"21643.80078";"21676.30078";"57400.00";"0.00";"IST";"PT";"0s";"-0.00"
"199";"USATECHIDXUSD_ICM";"Buy";"21699.4";"21706.9";"2025.02.12 14:00:00";"2025.02.12 14:00:00";"40.0";"300.00";"21674.40039";"21706.90039";"57700.00";"0.00";"IST";"PT";"0s";"-0.00"
"200";"USATECHIDXUSD_ICM";"Buy";"21769.0";"21744.0";"2025.02.13 10:00:00";"2025.02.13 10:00:00";"40.0";"-1000.00";"21744.00000";"21776.50000";"56700.00";"0.00";"IST";"SL";"0s";"-0.00"
"201";"USATECHIDXUSD_ICM";"Buy";"22021.6";"21996.6";"2025.02.14 13:00:00";"2025.02.14 13:00:00";"40.0";"-1000.00";"21996.59961";"22029.09961";"55700.00";"0.00";"IST";"SL";"0s";"-0.00"
"202";"USATECHIDXUSD_ICM";"Buy";"22193.3";"22168.3";"2025.02.17 08:00:00";"2025.02.17 09:00:00";"40.0";"-1000.00";"22168.30078";"22200.80078";"54700.00";"0.00";"IST";"SL";"1h 0m";"-0.00"
"203";"USATECHIDXUSD_ICM";"Buy";"22223.9";"22231.4";"2025.02.18 09:00:00";"2025.02.18 09:00:00";"40.0";"300.00";"22198.90039";"22231.40039";"55000.00";"0.00";"IST";"PT";"0s";"-0.00"
"204";"USATECHIDXUSD_ICM";"Buy";"22170.6";"22145.6";"2025.02.19 12:00:00";"2025.02.19 12:00:00";"40.0";"-1000.00";"22145.59961";"22178.09961";"54000.00";"0.00";"IST";"SL";"0s";"-0.00"
"205";"USATECHIDXUSD_ICM";"Buy";"22100.8";"22108.3";"2025.02.21 13:00:00";"2025.02.21 14:00:00";"40.0";"300.00";"22075.80078";"22108.30078";"54300.00";"0.00";"IST";"PT";"1h 0m";"-0.00"
"206";"USATECHIDXUSD_ICM";"Buy";"21229.6";"21237.1";"2025.02.26 11:00:00";"2025.02.26 11:00:00";"40.0";"300.00";"21204.59961";"21237.09961";"54600.00";"0.00";"IST";"PT";"0s";"-0.00"
"207";"USATECHIDXUSD_ICM";"Buy";"21188.9";"21196.4";"2025.02.27 08:00:00";"2025.02.27 08:00:00";"40.0";"300.00";"21163.90039";"21196.40039";"54900.00";"0.00";"IST";"PT";"0s";"-0.00"
"208";"USATECHIDXUSD_ICM";"Buy";"20903.2";"20910.7";"2025.03.03 11:00:00";"2025.03.03 11:00:00";"40.0";"300.00";"20878.19922";"20910.69922";"55200.00";"0.00";"IST";"PT";"0s";"-0.00"
"209";"USATECHIDXUSD_ICM";"Buy";"20507.5";"20515.0";"2025.03.05 09:00:00";"2025.03.05 09:00:00";"40.0";"300.00";"20482.50000";"20515.00000";"55500.00";"0.00";"IST";"PT";"0s";"-0.00"
"210";"USATECHIDXUSD_ICM";"Buy";"20574.3";"20581.8";"2025.03.06 08:00:00";"2025.03.06 08:00:00";"40.0";"300.00";"20549.30078";"20581.80078";"55800.00";"0.00";"IST";"PT";"0s";"-0.00"
"211";"USATECHIDXUSD_ICM";"Buy";"20062.8";"20070.3";"2025.03.10 09:00:00";"2025.03.10 09:00:00";"40.0";"300.00";"20037.80078";"20070.30078";"56100.00";"0.00";"IST";"PT";"0s";"-0.00"
"212";"USATECHIDXUSD_ICM";"Buy";"19455.5";"19430.5";"2025.03.12 09:00:00";"2025.03.12 09:00:00";"40.0";"-1000.00";"19430.50000";"19463.00000";"55100.00";"0.00";"IST";"SL";"0s";"-0.00"
"213";"USATECHIDXUSD_ICM";"Buy";"19556.0";"19563.5";"2025.03.13 14:00:00";"2025.03.13 14:00:00";"40.0";"300.00";"19531.00000";"19563.50000";"55400.00";"0.00";"IST";"PT";"0s";"-0.00"
"214";"USATECHIDXUSD_ICM";"Buy";"19427.1";"19434.6";"2025.03.14 08:00:00";"2025.03.14 08:00:00";"40.0";"300.00";"19402.09961";"19434.59961";"55700.00";"0.00";"IST";"PT";"0s";"-0.00"
"215";"USATECHIDXUSD_ICM";"Buy";"19580.6";"19555.6";"2025.03.17 08:00:00";"2025.03.17 09:00:00";"40.0";"-1000.00";"19555.59961";"19588.09961";"54700.00";"0.00";"IST";"SL";"1h 0m";"-0.00"
"216";"USATECHIDXUSD_ICM";"Buy";"19757.4";"19764.9";"2025.03.18 10:00:00";"2025.03.18 10:00:00";"40.0";"300.00";"19732.40039";"19764.90039";"55000.00";"0.00";"IST";"PT";"0s";"-0.00"
"217";"USATECHIDXUSD_ICM";"Buy";"19835.1";"19842.6";"2025.03.20 10:00:00";"2025.03.20 10:00:00";"40.0";"300.00";"19810.09961";"19842.59961";"55300.00";"0.00";"IST";"PT";"0s";"-0.00"
"218";"USATECHIDXUSD_ICM";"Buy";"20052.1";"20059.6";"2025.03.24 15:00:00";"2025.03.24 15:00:00";"40.0";"300.00";"20027.09961";"20059.59961";"55600.00";"0.00";"IST";"PT";"0s";"-0.00"
"219";"USATECHIDXUSD_ICM";"Buy";"20171.6";"20179.1";"2025.03.25 14:00:00";"2025.03.25 14:00:00";"40.0";"300.00";"20146.59961";"20179.09961";"55900.00";"0.00";"IST";"PT";"0s";"-0.00"
"220";"USATECHIDXUSD_ICM";"Buy";"20254.3";"20261.8";"2025.03.26 12:00:00";"2025.03.26 12:00:00";"40.0";"300.00";"20229.30078";"20261.80078";"56200.00";"0.00";"IST";"PT";"0s";"-0.00"
"221";"USATECHIDXUSD_ICM";"Buy";"19185.1";"19192.6";"2025.04.01 09:00:00";"2025.04.01 09:00:00";"40.0";"300.00";"19160.09961";"19192.59961";"56500.00";"0.00";"IST";"PT";"0s";"-0.00"
"222";"USATECHIDXUSD_ICM";"Buy";"19357.8";"19365.3";"2025.04.02 12:00:00";"2025.04.02 12:00:00";"40.0";"300.00";"19332.80078";"19365.30078";"56800.00";"0.00";"IST";"PT";"0s";"-0.00"
"223";"USATECHIDXUSD_ICM";"Buy";"17650.4";"17657.9";"2025.04.08 14:00:00";"2025.04.08 14:00:00";"40.0";"300.00";"17625.40039";"17657.90039";"57100.00";"0.00";"IST";"PT";"0s";"-0.00"
"224";"USATECHIDXUSD_ICM";"Buy";"18632.8";"18607.8";"2025.04.10 12:00:00";"2025.04.10 12:00:00";"40.0";"-1000.00";"18607.80078";"18640.30078";"56100.00";"0.00";"IST";"SL";"0s";"-0.00"
"225";"USATECHIDXUSD_ICM";"Buy";"18506.4";"18513.9";"2025.04.11 13:00:00";"2025.04.11 13:00:00";"40.0";"300.00";"18481.40039";"18513.90039";"56400.00";"0.00";"IST";"PT";"0s";"-0.00"
"226";"USATECHIDXUSD_ICM";"Buy";"18947.0";"18954.5";"2025.04.14 09:00:00";"2025.04.14 09:00:00";"40.0";"300.00";"18922.00000";"18954.50000";"56700.00";"0.00";"IST";"PT";"0s";"-0.00"
"227";"USATECHIDXUSD_ICM";"Buy";"18775.1";"18750.1";"2025.04.15 08:00:00";"2025.04.15 08:00:00";"40.0";"-1000.00";"18750.09961";"18782.59961";"55700.00";"0.00";"IST";"SL";"0s";"-0.00"
"228";"USATECHIDXUSD_ICM";"Buy";"18443.8";"18451.3";"2025.04.17 10:00:00";"2025.04.17 10:00:00";"40.0";"300.00";"18418.80078";"18451.30078";"56000.00";"0.00";"IST";"PT";"0s";"-0.00"
"229";"USATECHIDXUSD_ICM";"Buy";"17981.3";"17988.8";"2025.04.22 13:00:00";"2025.04.22 13:00:00";"40.0";"300.00";"17956.30078";"17988.80078";"56300.00";"0.00";"IST";"PT";"0s";"-0.00"
"230";"USATECHIDXUSD_ICM";"Buy";"18671.7";"18679.2";"2025.04.23 11:00:00";"2025.04.23 11:00:00";"40.0";"300.00";"18646.69922";"18679.19922";"56600.00";"0.00";"IST";"PT";"0s";"-0.00"
"231";"USATECHIDXUSD_ICM";"Buy";"19309.6";"19317.1";"2025.04.25 11:00:00";"2025.04.25 11:00:00";"40.0";"300.00";"19284.59961";"19317.09961";"56900.00";"0.00";"IST";"PT";"0s";"-0.00"
"232";"USATECHIDXUSD_ICM";"Buy";"19310.0";"19317.5";"2025.04.28 09:00:00";"2025.04.28 09:00:00";"40.0";"300.00";"19285.00000";"19317.50000";"57200.00";"0.00";"IST";"PT";"0s";"-0.00"
"233";"USATECHIDXUSD_ICM";"Buy";"19431.4";"19438.9";"2025.04.29 09:00:00";"2025.04.29 09:00:00";"40.0";"300.00";"19406.40039";"19438.90039";"57500.00";"0.00";"IST";"PT";"0s";"-0.00"
"234";"USATECHIDXUSD_ICM";"Buy";"19477.5";"19485.0";"2025.04.30 11:00:00";"2025.04.30 11:00:00";"40.0";"300.00";"19452.50000";"19485.00000";"57800.00";"0.00";"IST";"PT";"0s";"-0.00"
"235";"USATECHIDXUSD_ICM";"Buy";"19906.0";"19913.5";"2025.05.01 14:00:00";"2025.05.01 14:00:00";"40.0";"300.00";"19881.00000";"19913.50000";"58100.00";"0.00";"IST";"PT";"0s";"-0.00"
"236";"USATECHIDXUSD_ICM";"Buy";"19892.0";"19867.0";"2025.05.02 08:00:00";"2025.05.02 08:00:00";"40.0";"-1000.00";"19867.00000";"19899.50000";"57100.00";"0.00";"IST";"SL";"0s";"-0.00"
"237";"USATECHIDXUSD_ICM";"Buy";"19941.1";"19948.6";"2025.05.05 08:00:00";"2025.05.05 08:00:00";"40.0";"300.00";"19916.09961";"19948.59961";"57400.00";"0.00";"IST";"PT";"0s";"-0.00"
"238";"USATECHIDXUSD_ICM";"Buy";"19928.4";"19935.9";"2025.05.07 11:00:00";"2025.05.07 11:00:00";"40.0";"300.00";"19903.40039";"19935.90039";"57700.00";"0.00";"IST";"PT";"0s";"-0.00"
"239";"USATECHIDXUSD_ICM";"Buy";"20101.1";"20108.6";"2025.05.08 08:00:00";"2025.05.08 08:00:00";"40.0";"300.00";"20076.09961";"20108.59961";"58000.00";"0.00";"IST";"PT";"0s";"-0.00"
"240";"USATECHIDXUSD_ICM";"Buy";"20113.7";"20121.2";"2025.05.09 09:00:00";"2025.05.09 09:00:00";"40.0";"300.00";"20088.69922";"20121.19922";"58300.00";"0.00";"IST";"PT";"0s";"-0.00"
"241";"USATECHIDXUSD_ICM";"Buy";"20453.0";"20460.5";"2025.05.12 08:00:00";"2025.05.12 08:00:00";"40.0";"300.00";"20428.00000";"20460.50000";"58600.00";"0.00";"IST";"PT";"0s";"-0.00"
"242";"USATECHIDXUSD_ICM";"Buy";"20799.6";"20807.1";"2025.05.13 13:00:00";"2025.05.13 13:00:00";"40.0";"300.00";"20774.59961";"20807.09961";"58900.00";"0.00";"IST";"PT";"0s";"-0.00"
"243";"USATECHIDXUSD_ICM";"Buy";"21223.0";"21198.0";"2025.05.14 11:00:00";"2025.05.14 11:00:00";"40.0";"-1000.00";"21198.00000";"21230.50000";"57900.00";"0.00";"IST";"SL";"0s";"-0.00"
"244";"USATECHIDXUSD_ICM";"Buy";"21248.3";"21255.8";"2025.05.15 09:00:00";"2025.05.15 09:00:00";"40.0";"300.00";"21223.30078";"21255.80078";"58200.00";"0.00";"IST";"PT";"0s";"-0.00"
"245";"USATECHIDXUSD_ICM";"Buy";"21362.3";"21369.8";"2025.05.16 11:00:00";"2025.05.16 11:00:00";"40.0";"300.00";"21337.30078";"21369.80078";"58500.00";"0.00";"IST";"PT";"0s";"-0.00"
"246";"USATECHIDXUSD_ICM";"Buy";"21358.2";"21365.7";"2025.05.20 12:00:00";"2025.05.20 12:00:00";"40.0";"300.00";"21333.19922";"21365.69922";"58800.00";"0.00";"IST";"PT";"0s";"-0.00"
"247";"USATECHIDXUSD_ICM";"Buy";"21146.5";"21154.0";"2025.05.26 09:00:00";"2025.05.26 09:00:00";"40.0";"300.00";"21121.50000";"21154.00000";"59100.00";"0.00";"OOS1";"PT";"0s";"-0.00"
"248";"USATECHIDXUSD_ICM";"Buy";"21123.2";"21130.7";"2025.05.27 08:00:00";"2025.05.27 08:00:00";"40.0";"300.00";"21098.19922";"21130.69922";"59400.00";"0.00";"OOS1";"PT";"0s";"-0.00"
"249";"USATECHIDXUSD_ICM";"Buy";"21382.2";"21389.7";"2025.05.28 08:00:00";"2025.05.28 08:00:00";"40.0";"300.00";"21357.19922";"21389.69922";"59700.00";"0.00";"OOS1";"PT";"0s";"-0.00"
"250";"USATECHIDXUSD_ICM";"Buy";"21601.6";"21609.1";"2025.05.29 15:00:00";"2025.05.29 15:00:00";"40.0";"300.00";"21576.59961";"21609.09961";"60000.00";"0.00";"OOS1";"PT";"0s";"-0.00"
"251";"USATECHIDXUSD_ICM";"Buy";"21453.7";"21461.2";"2025.06.03 14:00:00";"2025.06.03 14:00:00";"40.0";"300.00";"21428.69922";"21461.19922";"60300.00";"0.00";"OOS1";"PT";"0s";"-0.00"
"252";"USATECHIDXUSD_ICM";"Buy";"21682.2";"21689.7";"2025.06.04 11:00:00";"2025.06.04 11:00:00";"40.0";"300.00";"21657.19922";"21689.69922";"60600.00";"0.00";"OOS1";"PT";"0s";"-0.00"
"253";"USATECHIDXUSD_ICM";"Buy";"21697.1";"21704.6";"2025.06.05 09:00:00";"2025.06.05 09:00:00";"40.0";"300.00";"21672.09961";"21704.59961";"60900.00";"0.00";"OOS1";"PT";"0s";"-0.00"
"254";"USATECHIDXUSD_ICM";"Buy";"21653.6";"21661.1";"2025.06.06 13:00:00";"2025.06.06 13:00:00";"40.0";"300.00";"21628.59961";"21661.09961";"61200.00";"0.00";"OOS1";"PT";"0s";"-0.00"
"255";"USATECHIDXUSD_ICM";"Buy";"21716.2";"21723.7";"2025.06.09 09:00:00";"2025.06.09 09:00:00";"40.0";"300.00";"21691.19922";"21723.69922";"61500.00";"0.00";"OOS1";"PT";"0s";"-0.00"
"256";"USATECHIDXUSD_ICM";"Buy";"21891.2";"21898.7";"2025.06.10 08:00:00";"2025.06.10 08:00:00";"40.0";"300.00";"21866.19922";"21898.69922";"61800.00";"0.00";"OOS1";"PT";"0s";"-0.00"
"257";"USATECHIDXUSD_ICM";"Buy";"21904.7";"21912.2";"2025.06.11 11:00:00";"2025.06.11 11:00:00";"40.0";"300.00";"21879.69922";"21912.19922";"62100.00";"0.00";"OOS1";"PT";"0s";"-0.00"
"258";"USATECHIDXUSD_ICM";"Buy";"21700.9";"21708.4";"2025.06.16 09:00:00";"2025.06.16 09:00:00";"40.0";"300.00";"21675.90039";"21708.40039";"62400.00";"0.00";"OOS1";"PT";"0s";"-0.00"
"259";"USATECHIDXUSD_ICM";"Buy";"21845.2";"21852.7";"2025.06.17 09:00:00";"2025.06.17 09:00:00";"40.0";"300.00";"21820.19922";"21852.69922";"62700.00";"0.00";"OOS1";"PT";"0s";"-0.00"
"260";"USATECHIDXUSD_ICM";"Buy";"21799.0";"21774.0";"2025.06.18 13:00:00";"2025.06.18 13:00:00";"40.0";"-1000.00";"21774.00000";"21806.50000";"61700.00";"0.00";"OOS1";"SL";"0s";"-0.00"
"261";"USATECHIDXUSD_ICM";"Buy";"21703.1";"21710.6";"2025.06.20 11:00:00";"2025.06.20 11:00:00";"40.0";"300.00";"21678.09961";"21710.59961";"62000.00";"0.00";"OOS1";"PT";"0s";"-0.00"
"262";"USATECHIDXUSD_ICM";"Buy";"21607.9";"21615.4";"2025.06.23 15:00:00";"2025.06.23 15:00:00";"40.0";"300.00";"21582.90039";"21615.40039";"62300.00";"0.00";"OOS1";"PT";"0s";"-0.00"
"263";"USATECHIDXUSD_ICM";"Buy";"22097.3";"22072.3";"2025.06.24 13:00:00";"2025.06.24 13:00:00";"40.0";"-1000.00";"22072.30078";"22104.80078";"61300.00";"0.00";"OOS1";"SL";"0s";"-0.00"
"264";"USATECHIDXUSD_ICM";"Buy";"22199.2";"22206.7";"2025.06.25 10:00:00";"2025.06.25 10:00:00";"40.0";"300.00";"22174.19922";"22206.69922";"61600.00";"0.00";"OOS1";"PT";"0s";"-0.00"
"265";"USATECHIDXUSD_ICM";"Buy";"22312.6";"22320.1";"2025.06.26 10:00:00";"2025.06.26 10:00:00";"40.0";"300.00";"22287.59961";"22320.09961";"61900.00";"0.00";"OOS1";"PT";"0s";"-0.00"
"266";"USATECHIDXUSD_ICM";"Buy";"22520.3";"22527.8";"2025.06.27 10:00:00";"2025.06.27 10:00:00";"40.0";"300.00";"22495.30078";"22527.80078";"62200.00";"0.00";"OOS1";"PT";"0s";"-0.00"
"267";"USATECHIDXUSD_ICM";"Buy";"22657.5";"22665.0";"2025.06.30 09:00:00";"2025.06.30 09:00:00";"40.0";"300.00";"22632.50000";"22665.00000";"62500.00";"0.00";"OOS1";"PT";"0s";"-0.00"
"268";"USATECHIDXUSD_ICM";"Buy";"22643.8";"22618.8";"2025.07.01 08:00:00";"2025.07.01 09:00:00";"40.0";"-1000.00";"22618.80078";"22651.30078";"61500.00";"0.00";"OOS1";"SL";"1h 0m";"-0.00"
"269";"USATECHIDXUSD_ICM";"Buy";"22656.0";"22663.5";"2025.07.03 08:00:00";"2025.07.03 09:00:00";"40.0";"300.00";"22631.00000";"22663.50000";"61800.00";"0.00";"OOS1";"PT";"1h 0m";"-0.00"
"270";"USATECHIDXUSD_ICM";"Buy";"22810.4";"22785.4";"2025.07.04 08:00:00";"2025.07.04 10:00:00";"40.0";"-1000.00";"22785.40039";"22817.90039";"60800.00";"0.00";"OOS1";"SL";"2h 0m";"-0.00"
"271";"USATECHIDXUSD_ICM";"Buy";"22754.0";"22729.0";"2025.07.07 11:00:00";"2025.07.07 11:00:00";"40.0";"-1000.00";"22729.00000";"22761.50000";"59800.00";"0.00";"OOS1";"SL";"0s";"-0.00"
"272";"USATECHIDXUSD_ICM";"Buy";"22738.2";"22745.7";"2025.07.08 09:00:00";"2025.07.08 09:00:00";"40.0";"300.00";"22713.19922";"22745.69922";"60100.00";"0.00";"OOS1";"PT";"0s";"-0.00"
"273";"USATECHIDXUSD_ICM";"Buy";"22729.9";"22737.4";"2025.07.09 14:00:00";"2025.07.09 14:00:00";"40.0";"300.00";"22704.90039";"22737.40039";"60400.00";"0.00";"OOS1";"PT";"0s";"-0.00"
"274";"USATECHIDXUSD_ICM";"Buy";"22802.6";"22810.1";"2025.07.10 09:00:00";"2025.07.10 10:00:00";"40.0";"300.00";"22777.59961";"22810.09961";"60700.00";"0.00";"OOS1";"PT";"1h 0m";"-0.00"
"275";"USATECHIDXUSD_ICM";"Buy";"22939.4";"22946.9";"2025.07.15 08:00:00";"2025.07.15 08:00:00";"40.0";"300.00";"22914.40039";"22946.90039";"61000.00";"0.00";"OOS1";"PT";"0s";"-0.00"
"276";"USATECHIDXUSD_ICM";"Buy";"22871.1";"22878.6";"2025.07.17 08:00:00";"2025.07.17 08:00:00";"40.0";"300.00";"22846.09961";"22878.59961";"61300.00";"0.00";"OOS1";"PT";"0s";"-0.00"
"277";"USATECHIDXUSD_ICM";"Buy";"23139.0";"23114.0";"2025.07.18 09:00:00";"2025.07.18 10:00:00";"40.0";"-1000.00";"23114.00000";"23146.50000";"60300.00";"0.00";"OOS1";"SL";"1h 0m";"-0.00"
"278";"USATECHIDXUSD_ICM";"Buy";"23110.4";"23117.9";"2025.07.21 08:00:00";"2025.07.21 09:00:00";"40.0";"300.00";"23085.40039";"23117.90039";"60600.00";"0.00";"OOS1";"PT";"1h 0m";"-0.00"
"279";"USATECHIDXUSD_ICM";"Buy";"23148.9";"23156.4";"2025.07.22 08:00:00";"2025.07.22 08:00:00";"40.0";"300.00";"23123.90039";"23156.40039";"60900.00";"0.00";"OOS1";"PT";"0s";"-0.00"
"280";"USATECHIDXUSD_ICM";"Buy";"23114.4";"23121.9";"2025.07.23 10:00:00";"2025.07.23 10:00:00";"40.0";"300.00";"23089.40039";"23121.90039";"61200.00";"0.00";"OOS1";"PT";"0s";"-0.00"
"281";"USATECHIDXUSD_ICM";"Buy";"23229.6";"23237.1";"2025.07.24 08:00:00";"2025.07.24 09:00:00";"40.0";"300.00";"23204.59961";"23237.09961";"61500.00";"0.00";"OOS1";"PT";"1h 0m";"-0.00"
"282";"USATECHIDXUSD_ICM";"Buy";"23253.1";"23260.6";"2025.07.25 08:00:00";"2025.07.25 08:00:00";"40.0";"300.00";"23228.09961";"23260.59961";"61800.00";"0.00";"OOS1";"PT";"0s";"-0.00"
"283";"USATECHIDXUSD_ICM";"Buy";"23430.6";"23438.1";"2025.07.28 09:00:00";"2025.07.28 09:00:00";"40.0";"300.00";"23405.59961";"23438.09961";"62100.00";"0.00";"OOS1";"PT";"0s";"-0.00"
"284";"USATECHIDXUSD_ICM";"Buy";"23404.1";"23411.6";"2025.07.29 08:00:00";"2025.07.29 08:00:00";"40.0";"300.00";"23379.09961";"23411.59961";"62400.00";"0.00";"OOS1";"PT";"0s";"-0.00"
"285";"USATECHIDXUSD_ICM";"Buy";"23368.6";"23343.6";"2025.07.30 15:00:00";"2025.07.30 15:00:00";"40.0";"-1000.00";"23343.59961";"23376.09961";"61400.00";"0.00";"OOS1";"SL";"0s";"-0.00"
"286";"USATECHIDXUSD_ICM";"Buy";"23643.3";"23650.8";"2025.07.31 14:00:00";"2025.07.31 14:00:00";"40.0";"300.00";"23618.30078";"23650.80078";"61700.00";"0.00";"OOS1";"PT";"0s";"-0.00"
"287";"USATECHIDXUSD_ICM";"Buy";"23269.0";"23276.5";"2025.08.05 14:00:00";"2025.08.05 14:00:00";"40.0";"300.00";"23244.00000";"23276.50000";"62000.00";"0.00";"OOS1";"PT";"0s";"-0.00"
"288";"USATECHIDXUSD_ICM";"Buy";"23453.4";"23460.9";"2025.08.08 12:00:00";"2025.08.08 12:00:00";"40.0";"300.00";"23428.40039";"23460.90039";"62300.00";"0.00";"OOS1";"PT";"0s";"-0.00"
"289";"USATECHIDXUSD_ICM";"Buy";"23638.4";"23645.9";"2025.08.11 08:00:00";"2025.08.11 09:00:00";"40.0";"300.00";"23613.40039";"23645.90039";"62600.00";"0.00";"OOS1";"PT";"1h 0m";"-0.00"
"290";"USATECHIDXUSD_ICM";"Buy";"23892.3";"23899.8";"2025.08.13 15:00:00";"2025.08.13 15:00:00";"40.0";"300.00";"23867.30078";"23899.80078";"62900.00";"0.00";"OOS1";"PT";"0s";"-0.00"
"291";"USATECHIDXUSD_ICM";"Buy";"23820.1";"23827.6";"2025.08.14 10:00:00";"2025.08.14 10:00:00";"40.0";"300.00";"23795.09961";"23827.59961";"63200.00";"0.00";"OOS1";"PT";"0s";"-0.00"
"292";"USATECHIDXUSD_ICM";"Buy";"23849.0";"23856.5";"2025.08.15 11:00:00";"2025.08.15 11:00:00";"40.0";"300.00";"23824.00000";"23856.50000";"63500.00";"0.00";"OOS1";"PT";"0s";"-0.00"
"293";"USATECHIDXUSD_ICM";"Buy";"23263.2";"23270.7";"2025.08.21 09:00:00";"2025.08.21 09:00:00";"40.0";"300.00";"23238.19922";"23270.69922";"63800.00";"0.00";"OOS1";"PT";"0s";"-0.00"
"294";"USATECHIDXUSD_ICM";"Buy";"23181.5";"23189.0";"2025.08.22 12:00:00";"2025.08.22 13:00:00";"40.0";"300.00";"23156.50000";"23189.00000";"64100.00";"0.00";"OOS1";"PT";"1h 0m";"-0.00"
"295";"USATECHIDXUSD_ICM";"Buy";"23433.4";"23408.4";"2025.08.25 13:00:00";"2025.08.25 13:00:00";"40.0";"-1000.00";"23408.40039";"23440.90039";"63100.00";"0.00";"OOS1";"SL";"0s";"-0.00"
"296";"USATECHIDXUSD_ICM";"Buy";"23410.2";"23385.2";"2025.08.26 09:00:00";"2025.08.26 09:00:00";"40.0";"-1000.00";"23385.19922";"23417.69922";"62100.00";"0.00";"OOS1";"SL";"0s";"-0.00"
"297";"USATECHIDXUSD_ICM";"Buy";"23551.5";"23526.5";"2025.08.27 08:00:00";"2025.08.27 10:00:00";"40.0";"-1000.00";"23526.50000";"23559.00000";"61100.00";"0.00";"OOS1";"SL";"2h 0m";"-0.00"
"298";"USATECHIDXUSD_ICM";"Buy";"23546.1";"23553.6";"2025.08.28 10:00:00";"2025.08.28 10:00:00";"40.0";"300.00";"23521.09961";"23553.59961";"61400.00";"0.00";"OOS1";"PT";"0s";"-0.00"
"299";"USATECHIDXUSD_ICM";"Buy";"23666.0";"23673.5";"2025.08.29 10:00:00";"2025.08.29 10:00:00";"40.0";"300.00";"23641.00000";"23673.50000";"61700.00";"0.00";"OOS1";"PT";"0s";"-0.00"
"300";"USATECHIDXUSD_ICM";"Buy";"23381.3";"23388.8";"2025.09.03 15:00:00";"2025.09.03 15:00:00";"40.0";"300.00";"23356.30078";"23388.80078";"62000.00";"0.00";"OOS1";"PT";"0s";"-0.00"
"301";"USATECHIDXUSD_ICM";"Buy";"23428.0";"23435.5";"2025.09.04 09:00:00";"2025.09.04 09:00:00";"40.0";"300.00";"23403.00000";"23435.50000";"62300.00";"0.00";"OOS1";"PT";"0s";"-0.00"
"302";"USATECHIDXUSD_ICM";"Buy";"23747.9";"23755.4";"2025.09.05 13:00:00";"2025.09.05 14:00:00";"40.0";"300.00";"23722.90039";"23755.40039";"62600.00";"0.00";"OOS1";"PT";"1h 0m";"-0.00"
"303";"USATECHIDXUSD_ICM";"Buy";"23737.7";"23745.2";"2025.09.08 14:00:00";"2025.09.08 14:00:00";"40.0";"300.00";"23712.69922";"23745.19922";"62900.00";"0.00";"OOS1";"PT";"0s";"-0.00"
"304";"USATECHIDXUSD_ICM";"Buy";"23802.8";"23810.3";"2025.09.09 09:00:00";"2025.09.09 09:00:00";"40.0";"300.00";"23777.80078";"23810.30078";"63200.00";"0.00";"OOS1";"PT";"0s";"-0.00"
"305";"USATECHIDXUSD_ICM";"Buy";"23890.5";"23898.0";"2025.09.10 09:00:00";"2025.09.10 09:00:00";"40.0";"300.00";"23865.50000";"23898.00000";"63500.00";"0.00";"OOS1";"PT";"0s";"-0.00"
"306";"USATECHIDXUSD_ICM";"Buy";"23855.5";"23863.0";"2025.09.11 08:00:00";"2025.09.11 08:00:00";"40.0";"300.00";"23830.50000";"23863.00000";"63800.00";"0.00";"OOS1";"PT";"0s";"-0.00"
"307";"USATECHIDXUSD_ICM";"Buy";"23983.6";"23991.1";"2025.09.12 12:00:00";"2025.09.12 12:00:00";"40.0";"300.00";"23958.59961";"23991.09961";"64100.00";"0.00";"OOS1";"PT";"0s";"-0.00"
"308";"USATECHIDXUSD_ICM";"Buy";"24129.5";"24137.0";"2025.09.15 10:00:00";"2025.09.15 10:00:00";"40.0";"300.00";"24104.50000";"24137.00000";"64400.00";"0.00";"OOS1";"PT";"0s";"-0.00"
"309";"USATECHIDXUSD_ICM";"Buy";"24336.8";"24344.3";"2025.09.16 09:00:00";"2025.09.16 09:00:00";"40.0";"300.00";"24311.80078";"24344.30078";"64700.00";"0.00";"OOS1";"PT";"0s";"-0.00"
"310";"USATECHIDXUSD_ICM";"Buy";"24374.9";"24382.4";"2025.09.18 10:00:00";"2025.09.18 10:00:00";"40.0";"300.00";"24349.90039";"24382.40039";"65000.00";"0.00";"OOS1";"PT";"0s";"-0.00"
"311";"USATECHIDXUSD_ICM";"Buy";"24426.6";"24434.1";"2025.09.19 10:00:00";"2025.09.19 10:00:00";"40.0";"300.00";"24401.59961";"24434.09961";"65300.00";"0.00";"OOS1";"PT";"0s";"-0.00"
"312";"USATECHIDXUSD_ICM";"Buy";"24570.3";"24577.8";"2025.09.22 10:00:00";"2025.09.22 10:00:00";"40.0";"300.00";"24545.30078";"24577.80078";"65600.00";"0.00";"OOS1";"PT";"0s";"-0.00"
"313";"USATECHIDXUSD_ICM";"Buy";"24762.4";"24769.9";"2025.09.23 12:00:00";"2025.09.23 12:00:00";"40.0";"300.00";"24737.40039";"24769.90039";"65900.00";"0.00";"OOS1";"PT";"0s";"-0.00"
"314";"USATECHIDXUSD_ICM";"Buy";"24648.6";"24656.1";"2025.09.24 15:00:00";"2025.09.24 16:00:00";"40.0";"300.00";"24623.59961";"24656.09961";"66200.00";"0.00";"OOS1";"PT";"1h 0m";"-0.00"
"315";"USATECHIDXUSD_ICM";"Buy";"24626.7";"24634.2";"2025.09.29 11:00:00";"2025.09.29 11:00:00";"40.0";"300.00";"24601.69922";"24634.19922";"66500.00";"0.00";"OOS1";"PT";"0s";"-0.00"
"316";"USATECHIDXUSD_ICM";"Buy";"24590.5";"24565.5";"2025.09.30 10:00:00";"2025.09.30 10:00:00";"40.0";"-1000.00";"24565.50000";"24598.00000";"65500.00";"0.00";"OOS1";"SL";"0s";"-0.00"
"317";"USATECHIDXUSD_ICM";"Buy";"24935.8";"24943.3";"2025.10.02 15:00:00";"2025.10.02 15:00:00";"40.0";"300.00";"24910.80078";"24943.30078";"65800.00";"0.00";"OOS1";"PT";"0s";"-0.00"
"318";"USATECHIDXUSD_ICM";"Buy";"24975.9";"24983.4";"2025.10.03 10:00:00";"2025.10.03 10:00:00";"40.0";"300.00";"24950.90039";"24983.40039";"66100.00";"0.00";"OOS1";"PT";"0s";"-0.00"
"319";"USATECHIDXUSD_ICM";"Buy";"24877.5";"24885.0";"2025.10.06 11:00:00";"2025.10.06 11:00:00";"40.0";"300.00";"24852.50000";"24885.00000";"66400.00";"0.00";"OOS1";"PT";"0s";"-0.00"
"320";"USATECHIDXUSD_ICM";"Buy";"24966.3";"24973.8";"2025.10.07 12:00:00";"2025.10.07 12:00:00";"40.0";"300.00";"24941.30078";"24973.80078";"66700.00";"0.00";"OOS1";"PT";"0s";"-0.00"
"321";"USATECHIDXUSD_ICM";"Buy";"24888.6";"24863.6";"2025.10.08 15:00:00";"2025.10.08 15:00:00";"40.0";"-1000.00";"24863.59961";"24896.09961";"65700.00";"0.00";"OOS1";"SL";"0s";"-0.00"
"322";"USATECHIDXUSD_ICM";"Buy";"25101.3";"25108.8";"2025.10.09 12:00:00";"2025.10.09 12:00:00";"40.0";"300.00";"25076.30078";"25108.80078";"66000.00";"0.00";"OOS1";"PT";"0s";"-0.00"
"323";"USATECHIDXUSD_ICM";"Buy";"24712.6";"24720.1";"2025.10.15 09:00:00";"2025.10.15 09:00:00";"40.0";"300.00";"24687.59961";"24720.09961";"66300.00";"0.00";"OOS1";"PT";"0s";"-0.00"
"324";"USATECHIDXUSD_ICM";"Buy";"24853.6";"24828.6";"2025.10.16 10:00:00";"2025.10.16 10:00:00";"40.0";"-1000.00";"24828.59961";"24861.09961";"65300.00";"0.00";"OOS1";"SL";"0s";"-0.00"
"325";"USATECHIDXUSD_ICM";"Buy";"24946.7";"24954.2";"2025.10.20 08:00:00";"2025.10.20 08:00:00";"40.0";"300.00";"24921.69922";"24954.19922";"65600.00";"0.00";"OOS1";"PT";"0s";"-0.00"
"326";"USATECHIDXUSD_ICM";"Buy";"25134.3";"25109.3";"2025.10.21 09:00:00";"2025.10.21 09:00:00";"40.0";"-1000.00";"25109.30078";"25141.80078";"64600.00";"0.00";"OOS1";"SL";"0s";"-0.00"
"327";"USATECHIDXUSD_ICM";"Buy";"25137.9";"25112.9";"2025.10.22 11:00:00";"2025.10.22 11:00:00";"40.0";"-1000.00";"25112.90039";"25145.40039";"63600.00";"0.00";"OOS1";"SL";"0s";"-0.00"
"328";"USATECHIDXUSD_ICM";"Buy";"25183.2";"25190.7";"2025.10.24 08:00:00";"2025.10.24 08:00:00";"40.0";"300.00";"25158.19922";"25190.69922";"63900.00";"0.00";"OOS1";"PT";"0s";"-0.00"
"329";"USATECHIDXUSD_ICM";"Buy";"25638.3";"25645.8";"2025.10.27 10:00:00";"2025.10.27 10:00:00";"40.0";"300.00";"25613.30078";"25645.80078";"64200.00";"0.00";"OOS1";"PT";"0s";"-0.00"
"330";"USATECHIDXUSD_ICM";"Buy";"25815.7";"25823.2";"2025.10.28 10:00:00";"2025.10.28 10:00:00";"40.0";"300.00";"25790.69922";"25823.19922";"64500.00";"0.00";"OOS1";"PT";"0s";"-0.00"
"331";"USATECHIDXUSD_ICM";"Buy";"26118.0";"26125.5";"2025.10.29 09:00:00";"2025.10.29 09:00:00";"40.0";"300.00";"26093.00000";"26125.50000";"64800.00";"0.00";"OOS1";"PT";"0s";"-0.00"
"332";"USATECHIDXUSD_ICM";"Buy";"26082.8";"26057.8";"2025.10.30 10:00:00";"2025.10.30 10:00:00";"40.0";"-1000.00";"26057.80078";"26090.30078";"63800.00";"0.00";"OOS1";"SL";"0s";"-0.00"
"333";"USATECHIDXUSD_ICM";"Buy";"26082.4";"26057.4";"2025.10.31 11:00:00";"2025.10.31 11:00:00";"40.0";"-1000.00";"26057.40039";"26089.90039";"62800.00";"0.00";"OOS1";"SL";"0s";"-0.00"
"334";"USATECHIDXUSD_ICM";"Buy";"25953.3";"25960.8";"2025.11.03 11:00:00";"2025.11.03 11:00:00";"40.0";"300.00";"25928.30078";"25960.80078";"63100.00";"0.00";"OOS1";"PT";"0s";"-0.00"
"335";"USATECHIDXUSD_ICM";"Buy";"25552.3";"25559.8";"2025.11.06 11:00:00";"2025.11.06 11:00:00";"40.0";"300.00";"25527.30078";"25559.80078";"63400.00";"0.00";"OOS1";"PT";"0s";"-0.00"
"336";"USATECHIDXUSD_ICM";"Buy";"25365.7";"25373.2";"2025.11.10 09:00:00";"2025.11.10 09:00:00";"40.0";"300.00";"25340.69922";"25373.19922";"63700.00";"0.00";"OOS1";"PT";"0s";"-0.00"
"337";"USATECHIDXUSD_ICM";"Buy";"25500.9";"25508.4";"2025.11.11 12:00:00";"2025.11.11 12:00:00";"40.0";"300.00";"25475.90039";"25508.40039";"64000.00";"0.00";"OOS1";"PT";"0s";"-0.00"
"338";"USATECHIDXUSD_ICM";"Buy";"25640.1";"25647.6";"2025.11.12 08:00:00";"2025.11.12 08:00:00";"40.0";"300.00";"25615.09961";"25647.59961";"64300.00";"0.00";"OOS1";"PT";"0s";"-0.00"
"339";"USATECHIDXUSD_ICM";"Buy";"25116.2";"25091.2";"2025.11.17 14:00:00";"2025.11.17 14:00:00";"40.0";"-1000.00";"25091.19922";"25123.69922";"63300.00";"0.00";"OOS1";"SL";"0s";"-0.00"
"340";"USATECHIDXUSD_ICM";"Buy";"25030.1";"25037.6";"2025.11.20 13:00:00";"2025.11.20 13:00:00";"40.0";"300.00";"25005.09961";"25037.59961";"63600.00";"0.00";"OOS1";"PT";"0s";"-0.00"
"341";"USATECHIDXUSD_ICM";"Buy";"24427.2";"24402.2";"2025.11.24 08:00:00";"2025.11.24 08:00:00";"40.0";"-1000.00";"24402.19922";"24434.69922";"62600.00";"0.00";"OOS1";"SL";"0s";"-0.00"
"342";"USATECHIDXUSD_ICM";"Buy";"25088.8";"25096.3";"2025.11.26 12:00:00";"2025.11.26 12:00:00";"40.0";"300.00";"25063.80078";"25096.30078";"62900.00";"0.00";"OOS1";"PT";"0s";"-0.00"
"343";"USATECHIDXUSD_ICM";"Buy";"25239.1";"25246.6";"2025.11.27 11:00:00";"2025.11.27 11:00:00";"40.0";"300.00";"25214.09961";"25246.59961";"63200.00";"0.00";"OOS1";"PT";"0s";"-0.00"
"344";"USATECHIDXUSD_ICM";"Buy";"25614.7";"25622.2";"2025.12.03 08:00:00";"2025.12.03 09:00:00";"40.0";"300.00";"25589.69922";"25622.19922";"63500.00";"0.00";"OOS1";"PT";"1h 0m";"-0.00"
"345";"USATECHIDXUSD_ICM";"Buy";"25600.8";"25608.3";"2025.12.04 13:00:00";"2025.12.04 13:00:00";"40.0";"300.00";"25575.80078";"25608.30078";"63800.00";"0.00";"OOS1";"PT";"0s";"-0.00"
"346";"USATECHIDXUSD_ICM";"Buy";"25683.4";"25690.9";"2025.12.05 08:00:00";"2025.12.05 10:00:00";"40.0";"300.00";"25658.40039";"25690.90039";"64100.00";"0.00";"OOS1";"PT";"2h 0m";"-0.00"
"347";"USATECHIDXUSD_ICM";"Buy";"25770.0";"25745.0";"2025.12.08 10:00:00";"2025.12.08 10:00:00";"40.0";"-1000.00";"25745.00000";"25777.50000";"63100.00";"0.00";"OOS1";"SL";"0s";"-0.00"
"348";"USATECHIDXUSD_ICM";"Buy";"25701.3";"25708.8";"2025.12.10 10:00:00";"2025.12.10 10:00:00";"40.0";"300.00";"25676.30078";"25708.80078";"63400.00";"0.00";"OOS1";"PT";"0s";"-0.00"
"349";"USATECHIDXUSD_ICM";"Buy";"25665.8";"25640.8";"2025.12.11 15:00:00";"2025.12.11 15:00:00";"40.0";"-1000.00";"25640.80078";"25673.30078";"62400.00";"0.00";"OOS1";"SL";"0s";"-0.00"
"350";"USATECHIDXUSD_ICM";"Buy";"25673.1";"25680.6";"2025.12.12 08:00:00";"2025.12.12 08:00:00";"40.0";"300.00";"25648.09961";"25680.59961";"62700.00";"0.00";"OOS1";"PT";"0s";"-0.00"
"351";"USATECHIDXUSD_ICM";"Buy";"25103.3";"25110.8";"2025.12.17 08:00:00";"2025.12.17 08:00:00";"40.0";"300.00";"25078.30078";"25110.80078";"63000.00";"0.00";"OOS1";"PT";"0s";"-0.00"
"352";"USATECHIDXUSD_ICM";"Buy";"24860.4";"24835.4";"2025.12.18 15:00:00";"2025.12.18 15:00:00";"40.0";"-1000.00";"24835.40039";"24867.90039";"62000.00";"0.00";"OOS1";"SL";"0s";"-0.00"
"353";"USATECHIDXUSD_ICM";"Buy";"25064.1";"25071.6";"2025.12.19 09:00:00";"2025.12.19 09:00:00";"40.0";"300.00";"25039.09961";"25071.59961";"62300.00";"0.00";"OOS1";"PT";"0s";"-0.00"
"354";"USATECHIDXUSD_ICM";"Buy";"25471.0";"25478.5";"2025.12.22 13:00:00";"2025.12.22 13:00:00";"40.0";"300.00";"25446.00000";"25478.50000";"62600.00";"0.00";"OOS1";"PT";"0s";"-0.00"
"355";"USATECHIDXUSD_ICM";"Buy";"25446.7";"25454.2";"2025.12.23 08:00:00";"2025.12.23 10:00:00";"40.0";"300.00";"25421.69922";"25454.19922";"62900.00";"0.00";"OOS1";"PT";"2h 0m";"-0.00"
"356";"USATECHIDXUSD_ICM";"Buy";"25591.0";"25598.5";"2025.12.24 15:00:00";"2025.12.24 15:00:00";"40.0";"300.00";"25566.00000";"25598.50000";"63200.00";"0.00";"OOS1";"PT";"0s";"-0.00"
"357";"USATECHIDXUSD_ICM";"Buy";"25636.8";"25644.3";"2025.12.26 11:00:00";"2025.12.26 11:00:00";"40.0";"300.00";"25611.80078";"25644.30078";"63500.00";"0.00";"OOS1";"PT";"0s";"-0.00"
"358";"USATECHIDXUSD_ICM";"Buy";"25527.9";"25535.4";"2025.12.30 11:00:00";"2025.12.30 11:00:00";"40.0";"300.00";"25502.90039";"25535.40039";"63800.00";"0.00";"OOS1";"PT";"0s";"-0.00"
"1";"USATECHIDXUSD_ICM";"Buy";"16692.4";"16667.4";"2024.01.10 15:00:00";"2024.01.10 15:47:00";"40.0";"-1000.00";"16667.40039";"16699.90039";"49000.00";"0.00";"IST";"SL";"47m 0s";"-0.00"
"2";"USATECHIDXUSD_ICM";"Buy";"16861.3";"16868.8";"2024.01.11 09:00:00";"2024.01.11 09:06:00";"40.0";"300.00";"16836.30078";"16868.80078";"49300.00";"0.00";"IST";"PT";"6m 0s";"-0.00"
"3";"USATECHIDXUSD_ICM";"Buy";"16805.6";"16813.1";"2024.01.12 08:00:00";"2024.01.12 08:32:00";"40.0";"300.00";"16780.59961";"16813.09961";"49600.00";"0.00";"IST";"PT";"32m 0s";"-0.00"
"4";"USATECHIDXUSD_ICM";"Buy";"16871.3";"16878.8";"2024.01.15 09:00:00";"2024.01.15 09:12:00";"40.0";"300.00";"16846.30078";"16878.80078";"49900.00";"0.00";"IST";"PT";"12m 0s";"-0.00"
"5";"USATECHIDXUSD_ICM";"Buy";"16794.3";"16801.8";"2024.01.18 12:00:00";"2024.01.18 12:52:00";"40.0";"300.00";"16769.30078";"16801.80078";"50200.00";"0.00";"IST";"PT";"52m 0s";"-0.00"
"6";"USATECHIDXUSD_ICM";"Buy";"17112.1";"17119.6";"2024.01.19 15:00:00";"2024.01.19 15:02:00";"40.0";"300.00";"17087.09961";"17119.59961";"50500.00";"0.00";"IST";"PT";"2m 0s";"-0.00"
"7";"USATECHIDXUSD_ICM";"Buy";"17342.8";"17350.3";"2024.01.23 08:00:00";"2024.01.23 08:49:00";"40.0";"300.00";"17317.80078";"17350.30078";"50800.00";"0.00";"IST";"PT";"49m 0s";"-0.00"
"8";"USATECHIDXUSD_ICM";"Buy";"17497.3";"17504.8";"2024.01.24 09:00:00";"2024.01.24 09:36:00";"40.0";"300.00";"17472.30078";"17504.80078";"51100.00";"0.00";"IST";"PT";"36m 0s";"-0.00"
"9";"USATECHIDXUSD_ICM";"Buy";"17529.6";"17537.1";"2024.01.25 14:00:00";"2024.01.25 14:00:00";"40.0";"300.00";"17504.59961";"17537.09961";"51400.00";"0.00";"IST";"PT";"0s";"-0.00"
"10";"USATECHIDXUSD_ICM";"Buy";"17434.2";"17441.7";"2024.01.29 09:00:00";"2024.01.29 09:08:00";"40.0";"300.00";"17409.19922";"17441.69922";"51700.00";"0.00";"IST";"PT";"8m 0s";"-0.00"
"11";"USATECHIDXUSD_ICM";"Buy";"17606.4";"17581.4";"2024.01.30 11:00:00";"2024.01.30 11:26:00";"40.0";"-1000.00";"17581.40039";"17613.90039";"50700.00";"0.00";"IST";"SL";"26m 0s";"-0.00"
"12";"USATECHIDXUSD_ICM";"Buy";"17249.1";"17224.1";"2024.02.01 15:00:00";"2024.02.01 15:12:00";"40.0";"-1000.00";"17224.09961";"17256.59961";"49700.00";"0.00";"IST";"SL";"12m 0s";"-0.00"
"13";"USATECHIDXUSD_ICM";"Buy";"17530.7";"17538.2";"2024.02.02 15:00:00";"2024.02.02 15:05:00";"40.0";"300.00";"17505.69922";"17538.19922";"50000.00";"0.00";"IST";"PT";"5m 0s";"-0.00"
"14";"USATECHIDXUSD_ICM";"Buy";"17618.9";"17626.4";"2024.02.05 14:00:00";"2024.02.05 14:08:00";"40.0";"300.00";"17593.90039";"17626.40039";"50300.00";"0.00";"IST";"PT";"8m 0s";"-0.00"
"15";"USATECHIDXUSD_ICM";"Buy";"17649.2";"17656.7";"2024.02.06 09:00:00";"2024.02.06 09:03:00";"40.0";"300.00";"17624.19922";"17656.69922";"50600.00";"0.00";"IST";"PT";"3m 0s";"-0.00"
"16";"USATECHIDXUSD_ICM";"Buy";"17588.6";"17596.1";"2024.02.07 12:00:00";"2024.02.07 12:23:00";"40.0";"300.00";"17563.59961";"17596.09961";"50900.00";"0.00";"IST";"PT";"23m 0s";"-0.00"
"17";"USATECHIDXUSD_ICM";"Buy";"17763.2";"17770.7";"2024.02.08 08:00:00";"2024.02.08 08:48:00";"40.0";"300.00";"17738.19922";"17770.69922";"51200.00";"0.00";"IST";"PT";"48m 0s";"-0.00"
"18";"USATECHIDXUSD_ICM";"Buy";"17781.0";"17788.5";"2024.02.09 09:00:00";"2024.02.09 09:17:00";"40.0";"300.00";"17756.00000";"17788.50000";"51500.00";"0.00";"IST";"PT";"17m 0s";"-0.00"
"19";"USATECHIDXUSD_ICM";"Buy";"17963.9";"17938.9";"2024.02.12 14:00:00";"2024.02.12 16:30:00";"40.0";"-1000.00";"17938.90039";"17971.40039";"50500.00";"0.00";"IST";"SL";"2h 30m";"-0.00"
"20";"USATECHIDXUSD_ICM";"Buy";"17717.7";"17725.2";"2024.02.14 15:00:00";"2024.02.14 15:02:00";"40.0";"300.00";"17692.69922";"17725.19922";"50800.00";"0.00";"IST";"PT";"2m 0s";"-0.00"
"21";"USATECHIDXUSD_ICM";"Buy";"17828.1";"17835.6";"2024.02.15 09:00:00";"2024.02.15 09:08:00";"40.0";"300.00";"17803.09961";"17835.59961";"51100.00";"0.00";"IST";"PT";"8m 0s";"-0.00"
"22";"USATECHIDXUSD_ICM";"Buy";"17867.2";"17874.7";"2024.02.16 08:00:00";"2024.02.16 08:39:00";"40.0";"300.00";"17842.19922";"17874.69922";"51400.00";"0.00";"IST";"PT";"39m 0s";"-0.00"
"23";"USATECHIDXUSD_ICM";"Buy";"17852.7";"17827.7";"2024.02.22 14:00:00";"2024.02.22 14:16:00";"40.0";"-1000.00";"17827.69922";"17860.19922";"50400.00";"0.00";"IST";"SL";"16m 0s";"-0.00"
"24";"USATECHIDXUSD_ICM";"Buy";"17944.4";"17951.9";"2024.02.26 12:00:00";"2024.02.26 13:18:00";"40.0";"300.00";"17919.40039";"17951.90039";"50700.00";"0.00";"IST";"PT";"1h 18m";"-0.00"
"25";"USATECHIDXUSD_ICM";"Buy";"17918.2";"17925.7";"2024.02.27 11:00:00";"2024.02.27 11:00:00";"40.0";"300.00";"17893.19922";"17925.69922";"51000.00";"0.00";"IST";"PT";"0s";"-0.00"
"26";"USATECHIDXUSD_ICM";"Buy";"17951.1";"17958.6";"2024.02.28 09:00:00";"2024.02.28 09:04:00";"40.0";"300.00";"17926.09961";"17958.59961";"51300.00";"0.00";"IST";"PT";"4m 0s";"-0.00"
"27";"USATECHIDXUSD_ICM";"Buy";"18026.5";"18034.0";"2024.03.01 13:00:00";"2024.03.01 13:15:00";"40.0";"300.00";"18001.50000";"18034.00000";"51600.00";"0.00";"IST";"PT";"15m 0s";"-0.00"
"28";"USATECHIDXUSD_ICM";"Buy";"18311.9";"18319.4";"2024.03.04 08:00:00";"2024.03.04 08:37:00";"40.0";"300.00";"18286.90039";"18319.40039";"51900.00";"0.00";"IST";"PT";"37m 0s";"-0.00"
"29";"USATECHIDXUSD_ICM";"Buy";"18046.8";"18054.3";"2024.03.07 12:00:00";"2024.03.07 12:01:00";"40.0";"300.00";"18021.80078";"18054.30078";"52200.00";"0.00";"IST";"PT";"1m 0s";"-0.00"
"30";"USATECHIDXUSD_ICM";"Buy";"18278.5";"18286.0";"2024.03.08 10:00:00";"2024.03.08 10:10:00";"40.0";"300.00";"18253.50000";"18286.00000";"52500.00";"0.00";"IST";"PT";"10m 0s";"-0.00"
"31";"USATECHIDXUSD_ICM";"Buy";"18023.3";"18030.8";"2024.03.12 12:00:00";"2024.03.12 12:25:00";"40.0";"300.00";"17998.30078";"18030.80078";"52800.00";"0.00";"IST";"PT";"25m 0s";"-0.00"
"32";"USATECHIDXUSD_ICM";"Buy";"18201.8";"18209.3";"2024.03.13 12:00:00";"2024.03.13 13:48:00";"40.0";"300.00";"18176.80078";"18209.30078";"53100.00";"0.00";"IST";"PT";"1h 48m";"-0.00"
"33";"USATECHIDXUSD_ICM";"Buy";"18130.9";"18138.4";"2024.03.14 09:00:00";"2024.03.14 09:20:00";"40.0";"300.00";"18105.90039";"18138.40039";"53400.00";"0.00";"IST";"PT";"20m 0s";"-0.00"
"34";"USATECHIDXUSD_ICM";"Buy";"17930.4";"17937.9";"2024.03.18 13:00:00";"2024.03.18 13:14:00";"40.0";"300.00";"17905.40039";"17937.90039";"53700.00";"0.00";"IST";"PT";"14m 0s";"-0.00"
"35";"USATECHIDXUSD_ICM";"Buy";"17937.6";"17945.1";"2024.03.19 10:00:00";"2024.03.19 10:06:00";"40.0";"300.00";"17912.59961";"17945.09961";"54000.00";"0.00";"IST";"PT";"6m 0s";"-0.00"
"36";"USATECHIDXUSD_ICM";"Buy";"18012.7";"18020.2";"2024.03.20 11:00:00";"2024.03.20 11:14:00";"40.0";"300.00";"17987.69922";"18020.19922";"54300.00";"0.00";"IST";"PT";"14m 0s";"-0.00"
"37";"USATECHIDXUSD_ICM";"Buy";"18368.7";"18376.2";"2024.03.21 09:00:00";"2024.03.21 09:23:00";"40.0";"300.00";"18343.69922";"18376.19922";"54600.00";"0.00";"IST";"PT";"23m 0s";"-0.00"
"38";"USATECHIDXUSD_ICM";"Buy";"18336.6";"18344.1";"2024.03.22 08:00:00";"2024.03.22 08:19:00";"40.0";"300.00";"18311.59961";"18344.09961";"54900.00";"0.00";"IST";"PT";"19m 0s";"-0.00"
"39";"USATECHIDXUSD_ICM";"Buy";"18332.4";"18307.4";"2024.03.25 08:00:00";"2024.03.25 09:05:00";"40.0";"-1000.00";"18307.40039";"18339.90039";"53900.00";"0.00";"IST";"SL";"1h 5m";"-0.00"
"40";"USATECHIDXUSD_ICM";"Buy";"18305.3";"18312.8";"2024.03.26 08:00:00";"2024.03.26 08:07:00";"40.0";"300.00";"18280.30078";"18312.80078";"54200.00";"0.00";"IST";"PT";"7m 0s";"-0.00"
"41";"USATECHIDXUSD_ICM";"Buy";"18291.3";"18298.8";"2024.03.27 12:00:00";"2024.03.27 12:04:00";"40.0";"300.00";"18266.30078";"18298.80078";"54500.00";"0.00";"IST";"PT";"4m 0s";"-0.00"
"42";"USATECHIDXUSD_ICM";"Buy";"18261.7";"18269.2";"2024.03.28 12:00:00";"2024.03.28 12:06:00";"40.0";"300.00";"18236.69922";"18269.19922";"54800.00";"0.00";"IST";"PT";"6m 0s";"-0.00"
"43";"USATECHIDXUSD_ICM";"Buy";"18363.0";"18338.0";"2024.04.01 14:00:00";"2024.04.01 14:13:00";"40.0";"-1000.00";"18338.00000";"18370.50000";"53800.00";"0.00";"IST";"SL";"13m 0s";"-0.00"
"44";"USATECHIDXUSD_ICM";"Buy";"18238.0";"18245.5";"2024.04.04 11:00:00";"2024.04.04 11:05:00";"40.0";"300.00";"18213.00000";"18245.50000";"54100.00";"0.00";"IST";"PT";"5m 0s";"-0.00"
"45";"USATECHIDXUSD_ICM";"Buy";"18093.5";"18101.0";"2024.04.08 08:00:00";"2024.04.08 08:03:00";"40.0";"300.00";"18068.50000";"18101.00000";"54400.00";"0.00";"IST";"PT";"3m 0s";"-0.00"
"46";"USATECHIDXUSD_ICM";"Buy";"18123.4";"18130.9";"2024.04.09 08:00:00";"2024.04.09 08:17:00";"40.0";"300.00";"18098.40039";"18130.90039";"54700.00";"0.00";"IST";"PT";"17m 0s";"-0.00"
"47";"USATECHIDXUSD_ICM";"Buy";"18215.2";"18190.2";"2024.04.10 12:00:00";"2024.04.10 12:36:00";"40.0";"-1000.00";"18190.19922";"18222.69922";"53700.00";"0.00";"IST";"SL";"36m 0s";"-0.00"
"48";"USATECHIDXUSD_ICM";"Buy";"18245.3";"18220.3";"2024.04.12 13:00:00";"2024.04.12 13:46:00";"40.0";"-1000.00";"18220.30078";"18252.80078";"52700.00";"0.00";"IST";"SL";"46m 0s";"-0.00"
"49";"USATECHIDXUSD_ICM";"Buy";"18107.9";"18115.4";"2024.04.15 14:00:00";"2024.04.15 14:25:00";"40.0";"300.00";"18082.90039";"18115.40039";"53000.00";"0.00";"IST";"PT";"25m 0s";"-0.00"
"50";"USATECHIDXUSD_ICM";"Buy";"17748.8";"17723.8";"2024.04.17 12:00:00";"2024.04.17 12:00:00";"40.0";"-1000.00";"17723.80078";"17756.30078";"52000.00";"0.00";"IST";"SL";"0s";"-0.00"
"51";"USATECHIDXUSD_ICM";"Buy";"17226.2";"17233.7";"2024.04.23 11:00:00";"2024.04.23 11:01:00";"40.0";"300.00";"17201.19922";"17233.69922";"52300.00";"0.00";"IST";"PT";"1m 0s";"-0.00"
"52";"USATECHIDXUSD_ICM";"Buy";"17558.6";"17566.1";"2024.04.24 12:00:00";"2024.04.24 12:08:00";"40.0";"300.00";"17533.59961";"17566.09961";"52600.00";"0.00";"IST";"PT";"8m 0s";"-0.00"
"53";"USATECHIDXUSD_ICM";"Buy";"17601.7";"17609.2";"2024.04.26 13:00:00";"2024.04.26 13:13:00";"40.0";"300.00";"17576.69922";"17609.19922";"52900.00";"0.00";"IST";"PT";"13m 0s";"-0.00"
"54";"USATECHIDXUSD_ICM";"Buy";"17783.5";"17791.0";"2024.04.29 08:00:00";"2024.04.29 08:52:00";"40.0";"300.00";"17758.50000";"17791.00000";"53200.00";"0.00";"IST";"PT";"52m 0s";"-0.00"
"55";"USATECHIDXUSD_ICM";"Buy";"17767.7";"17775.2";"2024.04.30 09:00:00";"2024.04.30 09:03:00";"40.0";"300.00";"17742.69922";"17775.19922";"53500.00";"0.00";"IST";"PT";"3m 0s";"-0.00"
"56";"USATECHIDXUSD_ICM";"Buy";"17430.1";"17437.6";"2024.05.02 09:00:00";"2024.05.02 09:19:00";"40.0";"300.00";"17405.09961";"17437.59961";"53800.00";"0.00";"IST";"PT";"19m 0s";"-0.00"
"57";"USATECHIDXUSD_ICM";"Buy";"17642.0";"17649.5";"2024.05.03 15:00:00";"2024.05.03 15:03:00";"40.0";"300.00";"17617.00000";"17649.50000";"54100.00";"0.00";"IST";"PT";"3m 0s";"-0.00"
"58";"USATECHIDXUSD_ICM";"Buy";"18077.5";"18052.5";"2024.05.07 14:00:00";"2024.05.07 14:20:00";"40.0";"-1000.00";"18052.50000";"18085.00000";"53100.00";"0.00";"IST";"SL";"20m 0s";"-0.00"
"59";"USATECHIDXUSD_ICM";"Buy";"18080.6";"18088.1";"2024.05.08 08:00:00";"2024.05.08 08:54:00";"40.0";"300.00";"18055.59961";"18088.09961";"53400.00";"0.00";"IST";"PT";"54m 0s";"-0.00"
"60";"USATECHIDXUSD_ICM";"Buy";"18191.2";"18198.7";"2024.05.13 08:00:00";"2024.05.13 08:42:00";"40.0";"300.00";"18166.19922";"18198.69922";"53700.00";"0.00";"IST";"PT";"42m 0s";"-0.00"
"61";"USATECHIDXUSD_ICM";"Buy";"18192.5";"18200.0";"2024.05.14 15:00:00";"2024.05.14 15:07:00";"40.0";"300.00";"18167.50000";"18200.00000";"54000.00";"0.00";"IST";"PT";"7m 0s";"-0.00"
"62";"USATECHIDXUSD_ICM";"Buy";"18317.7";"18325.2";"2024.05.15 09:00:00";"2024.05.15 15:30:00";"40.0";"300.00";"18292.69922";"18325.19922";"54300.00";"0.00";"IST";"PT";"6h 30m";"-0.00"
"63";"USATECHIDXUSD_ICM";"Buy";"18625.9";"18633.4";"2024.05.16 14:00:00";"2024.05.16 15:30:00";"40.0";"300.00";"18600.90039";"18633.40039";"54600.00";"0.00";"IST";"PT";"1h 30m";"-0.00"
"64";"USATECHIDXUSD_ICM";"Buy";"18571.4";"18578.9";"2024.05.17 09:00:00";"2024.05.17 09:03:00";"40.0";"300.00";"18546.40039";"18578.90039";"54900.00";"0.00";"IST";"PT";"3m 0s";"-0.00"
"65";"USATECHIDXUSD_ICM";"Buy";"18578.9";"18586.4";"2024.05.20 10:00:00";"2024.05.20 13:01:00";"40.0";"300.00";"18553.90039";"18586.40039";"55200.00";"0.00";"IST";"PT";"3h 1m";"-0.00"
"66";"USATECHIDXUSD_ICM";"Buy";"18655.7";"18663.2";"2024.05.21 12:00:00";"2024.05.21 13:45:00";"40.0";"300.00";"18630.69922";"18663.19922";"55500.00";"0.00";"IST";"PT";"1h 45m";"-0.00"
"67";"USATECHIDXUSD_ICM";"Buy";"18734.8";"18709.8";"2024.05.22 09:00:00";"2024.05.22 10:07:00";"40.0";"-1000.00";"18709.80078";"18742.30078";"54500.00";"0.00";"IST";"SL";"1h 7m";"-0.00"
"68";"USATECHIDXUSD_ICM";"Buy";"18866.1";"18873.6";"2024.05.23 10:00:00";"2024.05.23 10:21:00";"40.0";"300.00";"18841.09961";"18873.59961";"54800.00";"0.00";"IST";"PT";"21m 0s";"-0.00"
"69";"USATECHIDXUSD_ICM";"Buy";"18791.5";"18799.0";"2024.05.27 08:00:00";"2024.05.27 09:18:00";"40.0";"300.00";"18766.50000";"18799.00000";"55100.00";"0.00";"IST";"PT";"1h 18m";"-0.00"
"70";"USATECHIDXUSD_ICM";"Buy";"18851.0";"18858.5";"2024.05.28 11:00:00";"2024.05.28 11:00:00";"40.0";"300.00";"18826.00000";"18858.50000";"55400.00";"0.00";"IST";"PT";"0s";"-0.00"
"71";"USATECHIDXUSD_ICM";"Buy";"18615.7";"18623.2";"2024.06.03 13:00:00";"2024.06.03 13:26:00";"40.0";"300.00";"18590.69922";"18623.19922";"55700.00";"0.00";"IST";"PT";"26m 0s";"-0.00"
"72";"USATECHIDXUSD_ICM";"Buy";"18708.5";"18683.5";"2024.06.05 09:00:00";"2024.06.05 09:28:00";"40.0";"-1000.00";"18683.50000";"18716.00000";"54700.00";"0.00";"IST";"SL";"28m 0s";"-0.00"
"73";"USATECHIDXUSD_ICM";"Buy";"19054.6";"19029.6";"2024.06.06 08:00:00";"2024.06.06 09:16:00";"40.0";"-1000.00";"19029.59961";"19062.09961";"53700.00";"0.00";"IST";"SL";"1h 16m";"-0.00"
"74";"USATECHIDXUSD_ICM";"Buy";"19054.7";"19062.2";"2024.06.07 08:00:00";"2024.06.07 08:35:00";"40.0";"300.00";"19029.69922";"19062.19922";"54000.00";"0.00";"IST";"PT";"35m 0s";"-0.00"
"75";"USATECHIDXUSD_ICM";"Buy";"19055.2";"19062.7";"2024.06.11 08:00:00";"2024.06.11 08:51:00";"40.0";"300.00";"19030.19922";"19062.69922";"54300.00";"0.00";"IST";"PT";"51m 0s";"-0.00"
"76";"USATECHIDXUSD_ICM";"Buy";"19236.8";"19244.3";"2024.06.12 13:00:00";"2024.06.12 14:29:00";"40.0";"300.00";"19211.80078";"19244.30078";"54600.00";"0.00";"IST";"PT";"1h 29m";"-0.00"
"77";"USATECHIDXUSD_ICM";"Buy";"19620.8";"19628.3";"2024.06.13 10:00:00";"2024.06.13 10:09:00";"40.0";"300.00";"19595.80078";"19628.30078";"54900.00";"0.00";"IST";"PT";"9m 0s";"-0.00"
"78";"USATECHIDXUSD_ICM";"Buy";"19607.6";"19615.1";"2024.06.14 10:00:00";"2024.06.14 10:28:00";"40.0";"300.00";"19582.59961";"19615.09961";"55200.00";"0.00";"IST";"PT";"28m 0s";"-0.00"
"79";"USATECHIDXUSD_ICM";"Buy";"19699.5";"19674.5";"2024.06.17 15:00:00";"2024.06.17 15:36:00";"40.0";"-1000.00";"19674.50000";"19707.00000";"54200.00";"0.00";"IST";"SL";"36m 0s";"-0.00"
"80";"USATECHIDXUSD_ICM";"Buy";"19910.6";"19918.1";"2024.06.18 10:00:00";"2024.06.18 10:32:00";"40.0";"300.00";"19885.59961";"19918.09961";"54500.00";"0.00";"IST";"PT";"32m 0s";"-0.00"
"81";"USATECHIDXUSD_ICM";"Buy";"19934.4";"19941.9";"2024.06.19 09:00:00";"2024.06.19 09:19:00";"40.0";"300.00";"19909.40039";"19941.90039";"54800.00";"0.00";"IST";"PT";"19m 0s";"-0.00"
"82";"USATECHIDXUSD_ICM";"Buy";"20021.0";"20028.5";"2024.06.20 08:00:00";"2024.06.20 08:02:00";"40.0";"300.00";"19996.00000";"20028.50000";"55100.00";"0.00";"IST";"PT";"2m 0s";"-0.00"
"83";"USATECHIDXUSD_ICM";"Buy";"19729.9";"19737.4";"2024.06.26 08:00:00";"2024.06.26 08:08:00";"40.0";"300.00";"19704.90039";"19737.40039";"55400.00";"0.00";"IST";"PT";"8m 0s";"-0.00"
"84";"USATECHIDXUSD_ICM";"Buy";"19694.9";"19702.4";"2024.06.27 09:00:00";"2024.06.27 09:02:00";"40.0";"300.00";"19669.90039";"19702.40039";"55700.00";"0.00";"IST";"PT";"2m 0s";"-0.00"
"85";"USATECHIDXUSD_ICM";"Buy";"19858.0";"19865.5";"2024.06.28 08:00:00";"2024.06.28 09:01:00";"40.0";"300.00";"19833.00000";"19865.50000";"56000.00";"0.00";"IST";"PT";"1h 1m";"-0.00"
"86";"USATECHIDXUSD_ICM";"Buy";"20029.7";"20004.7";"2024.07.03 13:00:00";"2024.07.03 14:26:00";"40.0";"-1000.00";"20004.69922";"20037.19922";"55000.00";"0.00";"IST";"SL";"1h 26m";"-0.00"
"87";"USATECHIDXUSD_ICM";"Buy";"20200.9";"20208.4";"2024.07.05 13:00:00";"2024.07.05 13:36:00";"40.0";"300.00";"20175.90039";"20208.40039";"55300.00";"0.00";"IST";"PT";"36m 0s";"-0.00"
"88";"USATECHIDXUSD_ICM";"Buy";"20500.7";"20508.2";"2024.07.09 10:00:00";"2024.07.09 10:38:00";"40.0";"300.00";"20475.69922";"20508.19922";"55600.00";"0.00";"IST";"PT";"38m 0s";"-0.00"
"89";"USATECHIDXUSD_ICM";"Buy";"20477.6";"20485.1";"2024.07.10 10:00:00";"2024.07.10 10:18:00";"40.0";"300.00";"20452.59961";"20485.09961";"55900.00";"0.00";"IST";"PT";"18m 0s";"-0.00"
"90";"USATECHIDXUSD_ICM";"Buy";"20658.2";"20665.7";"2024.07.11 15:00:00";"2024.07.11 15:30:00";"40.0";"300.00";"20633.19922";"20665.69922";"56200.00";"0.00";"IST";"PT";"30m 0s";"-0.00"
"91";"USATECHIDXUSD_ICM";"Buy";"20381.1";"20388.6";"2024.07.15 08:00:00";"2024.07.15 08:29:00";"40.0";"300.00";"20356.09961";"20388.59961";"56500.00";"0.00";"IST";"PT";"29m 0s";"-0.00"
"92";"USATECHIDXUSD_ICM";"Buy";"20438.8";"20413.8";"2024.07.16 09:00:00";"2024.07.16 09:54:00";"40.0";"-1000.00";"20413.80078";"20446.30078";"55500.00";"0.00";"IST";"SL";"54m 0s";"-0.00"
"93";"USATECHIDXUSD_ICM";"Buy";"19744.7";"19752.2";"2024.07.23 12:00:00";"2024.07.23 12:03:00";"40.0";"300.00";"19719.69922";"19752.19922";"55800.00";"0.00";"IST";"PT";"3m 0s";"-0.00"
"94";"USATECHIDXUSD_ICM";"Buy";"19066.5";"19041.5";"2024.07.26 12:00:00";"2024.07.26 12:03:00";"40.0";"-1000.00";"19041.50000";"19074.00000";"54800.00";"0.00";"IST";"SL";"3m 0s";"-0.00"
"95";"USATECHIDXUSD_ICM";"Buy";"19100.9";"19108.4";"2024.07.29 12:00:00";"2024.07.29 12:29:00";"40.0";"300.00";"19075.90039";"19108.40039";"55100.00";"0.00";"IST";"PT";"29m 0s";"-0.00"
"96";"USATECHIDXUSD_ICM";"Buy";"19106.2";"19113.7";"2024.07.30 14:00:00";"2024.07.30 14:06:00";"40.0";"300.00";"19081.19922";"19113.69922";"55400.00";"0.00";"IST";"PT";"6m 0s";"-0.00"
"97";"USATECHIDXUSD_ICM";"Buy";"19072.4";"19079.9";"2024.07.31 12:00:00";"2024.07.31 12:34:00";"40.0";"300.00";"19047.40039";"19079.90039";"55700.00";"0.00";"IST";"PT";"34m 0s";"-0.00"
"98";"USATECHIDXUSD_ICM";"Buy";"18221.0";"18196.0";"2024.08.06 08:00:00";"2024.08.06 08:05:00";"40.0";"-1000.00";"18196.00000";"18228.50000";"54700.00";"0.00";"IST";"SL";"5m 0s";"-0.00"
"99";"USATECHIDXUSD_ICM";"Buy";"18157.2";"18164.7";"2024.08.07 11:00:00";"2024.08.07 11:01:00";"40.0";"300.00";"18132.19922";"18164.69922";"55000.00";"0.00";"IST";"PT";"1m 0s";"-0.00"
"100";"USATECHIDXUSD_ICM";"Buy";"18413.5";"18421.0";"2024.08.09 09:00:00";"2024.08.09 09:37:00";"40.0";"300.00";"18388.50000";"18421.00000";"55300.00";"0.00";"IST";"PT";"37m 0s";"-0.00"
"101";"USATECHIDXUSD_ICM";"Buy";"18545.7";"18520.7";"2024.08.12 09:00:00";"2024.08.12 09:08:00";"40.0";"-1000.00";"18520.69922";"18553.19922";"54300.00";"0.00";"IST";"SL";"8m 0s";"-0.00"
"102";"USATECHIDXUSD_ICM";"Buy";"18563.9";"18571.4";"2024.08.13 14:00:00";"2024.08.13 14:04:00";"40.0";"300.00";"18538.90039";"18571.40039";"54600.00";"0.00";"IST";"PT";"4m 0s";"-0.00"
"103";"USATECHIDXUSD_ICM";"Buy";"19006.9";"19014.4";"2024.08.14 08:00:00";"2024.08.14 08:19:00";"40.0";"300.00";"18981.90039";"19014.40039";"54900.00";"0.00";"IST";"PT";"19m 0s";"-0.00"
"104";"USATECHIDXUSD_ICM";"Buy";"19090.6";"19065.6";"2024.08.15 09:00:00";"2024.08.15 09:21:00";"40.0";"-1000.00";"19065.59961";"19098.09961";"53900.00";"0.00";"IST";"SL";"21m 0s";"-0.00"
"105";"USATECHIDXUSD_ICM";"Buy";"19563.7";"19571.2";"2024.08.16 09:00:00";"2024.08.16 09:14:00";"40.0";"300.00";"19538.69922";"19571.19922";"54200.00";"0.00";"IST";"PT";"14m 0s";"-0.00"
"106";"USATECHIDXUSD_ICM";"Buy";"19483.7";"19491.2";"2024.08.19 10:00:00";"2024.08.19 10:02:00";"40.0";"300.00";"19458.69922";"19491.19922";"54500.00";"0.00";"IST";"PT";"2m 0s";"-0.00"
"107";"USATECHIDXUSD_ICM";"Buy";"19795.7";"19803.2";"2024.08.20 09:00:00";"2024.08.20 09:35:00";"40.0";"300.00";"19770.69922";"19803.19922";"54800.00";"0.00";"IST";"PT";"35m 0s";"-0.00"
"108";"USATECHIDXUSD_ICM";"Buy";"19758.6";"19733.6";"2024.08.21 08:00:00";"2024.08.21 09:01:00";"40.0";"-1000.00";"19733.59961";"19766.09961";"53800.00";"0.00";"IST";"SL";"1h 1m";"-0.00"
"109";"USATECHIDXUSD_ICM";"Buy";"19869.5";"19877.0";"2024.08.22 14:00:00";"2024.08.22 14:11:00";"40.0";"300.00";"19844.50000";"19877.00000";"54100.00";"0.00";"IST";"PT";"11m 0s";"-0.00"
"110";"USATECHIDXUSD_ICM";"Buy";"19703.5";"19711.0";"2024.08.26 08:00:00";"2024.08.26 08:39:00";"40.0";"300.00";"19678.50000";"19711.00000";"54400.00";"0.00";"IST";"PT";"39m 0s";"-0.00"
"111";"USATECHIDXUSD_ICM";"Buy";"19564.1";"19571.6";"2024.08.28 09:00:00";"2024.08.28 09:31:00";"40.0";"300.00";"19539.09961";"19571.59961";"54700.00";"0.00";"IST";"PT";"31m 0s";"-0.00"
"112";"USATECHIDXUSD_ICM";"Buy";"19423.0";"19430.5";"2024.08.30 10:00:00";"2024.08.30 10:19:00";"40.0";"300.00";"19398.00000";"19430.50000";"55000.00";"0.00";"IST";"PT";"19m 0s";"-0.00"
"113";"USATECHIDXUSD_ICM";"Buy";"19520.6";"19528.1";"2024.09.02 12:00:00";"2024.09.02 12:19:00";"40.0";"300.00";"19495.59961";"19528.09961";"55300.00";"0.00";"IST";"PT";"19m 0s";"-0.00"
"114";"USATECHIDXUSD_ICM";"Buy";"19505.9";"19513.4";"2024.09.03 08:00:00";"2024.09.03 08:02:00";"40.0";"300.00";"19480.90039";"19513.40039";"55600.00";"0.00";"IST";"PT";"2m 0s";"-0.00"
"115";"USATECHIDXUSD_ICM";"Buy";"18903.6";"18911.1";"2024.09.05 14:00:00";"2024.09.05 14:02:00";"40.0";"300.00";"18878.59961";"18911.09961";"55900.00";"0.00";"IST";"PT";"2m 0s";"-0.00"
"116";"USATECHIDXUSD_ICM";"Buy";"18668.3";"18675.8";"2024.09.10 15:00:00";"2024.09.10 15:08:00";"40.0";"300.00";"18643.30078";"18675.80078";"56200.00";"0.00";"IST";"PT";"8m 0s";"-0.00"
"117";"USATECHIDXUSD_ICM";"Buy";"18762.1";"18769.6";"2024.09.11 10:00:00";"2024.09.11 10:04:00";"40.0";"300.00";"18737.09961";"18769.59961";"56500.00";"0.00";"IST";"PT";"4m 0s";"-0.00"
"118";"USATECHIDXUSD_ICM";"Buy";"19436.8";"19444.3";"2024.09.13 12:00:00";"2024.09.13 12:06:00";"40.0";"300.00";"19411.80078";"19444.30078";"56800.00";"0.00";"IST";"PT";"6m 0s";"-0.00"
"119";"USATECHIDXUSD_ICM";"Buy";"19500.4";"19475.4";"2024.09.16 09:00:00";"2024.09.16 09:17:00";"40.0";"-1000.00";"19475.40039";"19507.90039";"55800.00";"0.00";"IST";"SL";"17m 0s";"-0.00"
"120";"USATECHIDXUSD_ICM";"Buy";"19507.5";"19515.0";"2024.09.17 14:00:00";"2024.09.17 14:42:00";"40.0";"300.00";"19482.50000";"19515.00000";"56100.00";"0.00";"IST";"PT";"42m 0s";"-0.00"
"121";"USATECHIDXUSD_ICM";"Buy";"19434.2";"19441.7";"2024.09.18 08:00:00";"2024.09.18 08:25:00";"40.0";"300.00";"19409.19922";"19441.69922";"56400.00";"0.00";"IST";"PT";"25m 0s";"-0.00"
"122";"USATECHIDXUSD_ICM";"Buy";"19674.6";"19682.1";"2024.09.19 10:00:00";"2024.09.19 10:00:00";"40.0";"300.00";"19649.59961";"19682.09961";"56700.00";"0.00";"IST";"PT";"0s";"-0.00"
"123";"USATECHIDXUSD_ICM";"Buy";"19808.6";"19783.6";"2024.09.20 09:00:00";"2024.09.20 10:01:00";"40.0";"-1000.00";"19783.59961";"19816.09961";"55700.00";"0.00";"IST";"SL";"1h 1m";"-0.00"
"124";"USATECHIDXUSD_ICM";"Buy";"19851.3";"19858.8";"2024.09.24 08:00:00";"2024.09.24 08:00:00";"40.0";"300.00";"19826.30078";"19858.80078";"56000.00";"0.00";"IST";"PT";"0s";"-0.00"
"125";"USATECHIDXUSD_ICM";"Buy";"19871.3";"19878.8";"2024.09.25 12:00:00";"2024.09.25 12:34:00";"40.0";"300.00";"19846.30078";"19878.80078";"56300.00";"0.00";"IST";"PT";"34m 0s";"-0.00"
"126";"USATECHIDXUSD_ICM";"Buy";"20235.7";"20243.2";"2024.09.26 10:00:00";"2024.09.26 10:00:00";"40.0";"300.00";"20210.69922";"20243.19922";"56600.00";"0.00";"IST";"PT";"0s";"-0.00"
"127";"USATECHIDXUSD_ICM";"Buy";"20129.2";"20136.7";"2024.09.27 08:00:00";"2024.09.27 08:06:00";"40.0";"300.00";"20104.19922";"20136.69922";"56900.00";"0.00";"IST";"PT";"6m 0s";"-0.00"
"128";"USATECHIDXUSD_ICM";"Buy";"20047.2";"20054.7";"2024.10.01 08:00:00";"2024.10.01 08:34:00";"40.0";"300.00";"20022.19922";"20054.69922";"57200.00";"0.00";"IST";"PT";"34m 0s";"-0.00"
"129";"USATECHIDXUSD_ICM";"Buy";"19744.7";"19752.2";"2024.10.03 14:00:00";"2024.10.03 14:00:00";"40.0";"300.00";"19719.69922";"19752.19922";"57500.00";"0.00";"IST";"PT";"0s";"-0.00"
"130";"USATECHIDXUSD_ICM";"Buy";"19819.9";"19794.9";"2024.10.04 09:00:00";"2024.10.04 10:00:00";"40.0";"-1000.00";"19794.90039";"19827.40039";"56500.00";"0.00";"IST";"SL";"1h 0m";"-0.00"
"131";"USATECHIDXUSD_ICM";"Buy";"20021.0";"19996.0";"2024.10.07 08:00:00";"2024.10.07 08:30:00";"40.0";"-1000.00";"19996.00000";"20028.50000";"55500.00";"0.00";"IST";"SL";"30m 0s";"-0.00"
"132";"USATECHIDXUSD_ICM";"Buy";"19900.3";"19907.8";"2024.10.08 14:00:00";"2024.10.08 14:34:00";"40.0";"300.00";"19875.30078";"19907.80078";"55800.00";"0.00";"IST";"PT";"34m 0s";"-0.00"
"133";"USATECHIDXUSD_ICM";"Buy";"20040.5";"20048.0";"2024.10.09 08:00:00";"2024.10.09 08:01:00";"40.0";"300.00";"20015.50000";"20048.00000";"56100.00";"0.00";"IST";"PT";"1m 0s";"-0.00"
"134";"USATECHIDXUSD_ICM";"Buy";"20233.0";"20208.0";"2024.10.11 10:00:00";"2024.10.11 10:17:00";"40.0";"-1000.00";"20208.00000";"20240.50000";"55100.00";"0.00";"IST";"SL";"17m 0s";"-0.00"
"135";"USATECHIDXUSD_ICM";"Buy";"20266.5";"20274.0";"2024.10.14 10:00:00";"2024.10.14 10:23:00";"40.0";"300.00";"20241.50000";"20274.00000";"55400.00";"0.00";"IST";"PT";"23m 0s";"-0.00"
"136";"USATECHIDXUSD_ICM";"Buy";"20432.6";"20440.1";"2024.10.15 14:00:00";"2024.10.15 14:02:00";"40.0";"300.00";"20407.59961";"20440.09961";"55700.00";"0.00";"IST";"PT";"2m 0s";"-0.00"
"137";"USATECHIDXUSD_ICM";"Buy";"20168.9";"20176.4";"2024.10.17 09:00:00";"2024.10.17 09:00:00";"40.0";"300.00";"20143.90039";"20176.40039";"56000.00";"0.00";"IST";"PT";"0s";"-0.00"
"138";"USATECHIDXUSD_ICM";"Buy";"20240.9";"20248.4";"2024.10.18 09:00:00";"2024.10.18 09:31:00";"40.0";"300.00";"20215.90039";"20248.40039";"56300.00";"0.00";"IST";"PT";"31m 0s";"-0.00"
"139";"USATECHIDXUSD_ICM";"Buy";"20296.3";"20303.8";"2024.10.22 09:00:00";"2024.10.22 09:03:00";"40.0";"300.00";"20271.30078";"20303.80078";"56600.00";"0.00";"IST";"PT";"3m 0s";"-0.00"
"140";"USATECHIDXUSD_ICM";"Buy";"20344.8";"20352.3";"2024.10.23 10:00:00";"2024.10.23 10:04:00";"40.0";"300.00";"20319.80078";"20352.30078";"56900.00";"0.00";"IST";"PT";"4m 0s";"-0.00"
"141";"USATECHIDXUSD_ICM";"Buy";"20270.2";"20277.7";"2024.10.24 15:00:00";"2024.10.24 15:30:00";"40.0";"300.00";"20245.19922";"20277.69922";"57200.00";"0.00";"IST";"PT";"30m 0s";"-0.00"
"142";"USATECHIDXUSD_ICM";"Buy";"20229.1";"20236.6";"2024.10.25 08:00:00";"2024.10.25 08:28:00";"40.0";"300.00";"20204.09961";"20236.59961";"57500.00";"0.00";"IST";"PT";"28m 0s";"-0.00"
"143";"USATECHIDXUSD_ICM";"Buy";"20490.4";"20465.4";"2024.10.28 11:00:00";"2024.10.28 11:09:00";"40.0";"-1000.00";"20465.40039";"20497.90039";"56500.00";"0.00";"IST";"SL";"9m 0s";"-0.00"
"144";"USATECHIDXUSD_ICM";"Buy";"20402.3";"20409.8";"2024.10.29 10:00:00";"2024.10.29 10:03:00";"40.0";"300.00";"20377.30078";"20409.80078";"56800.00";"0.00";"IST";"PT";"3m 0s";"-0.00"
"145";"USATECHIDXUSD_ICM";"Buy";"20575.0";"20582.5";"2024.10.30 15:00:00";"2024.10.30 15:15:00";"40.0";"300.00";"20550.00000";"20582.50000";"57100.00";"0.00";"IST";"PT";"15m 0s";"-0.00"
"146";"USATECHIDXUSD_ICM";"Buy";"20111.7";"20119.2";"2024.11.04 08:00:00";"2024.11.04 08:05:00";"40.0";"300.00";"20086.69922";"20119.19922";"57400.00";"0.00";"IST";"PT";"5m 0s";"-0.00"
"147";"USATECHIDXUSD_ICM";"Buy";"20002.5";"20010.0";"2024.11.05 09:00:00";"2024.11.05 09:07:00";"40.0";"300.00";"19977.50000";"20010.00000";"57700.00";"0.00";"IST";"PT";"7m 0s";"-0.00"
"148";"USATECHIDXUSD_ICM";"Buy";"20530.7";"20538.2";"2024.11.06 09:00:00";"2024.11.06 09:00:00";"40.0";"300.00";"20505.69922";"20538.19922";"58000.00";"0.00";"IST";"PT";"0s";"-0.00"
"149";"USATECHIDXUSD_ICM";"Buy";"20826.8";"20801.8";"2024.11.07 09:00:00";"2024.11.07 09:23:00";"40.0";"-1000.00";"20801.80078";"20834.30078";"57000.00";"0.00";"IST";"SL";"23m 0s";"-0.00"
"150";"USATECHIDXUSD_ICM";"Buy";"21137.3";"21112.3";"2024.11.08 08:00:00";"2024.11.08 08:19:00";"40.0";"-1000.00";"21112.30078";"21144.80078";"56000.00";"0.00";"IST";"SL";"19m 0s";"-0.00"
"151";"USATECHIDXUSD_ICM";"Buy";"21184.5";"21192.0";"2024.11.11 11:00:00";"2024.11.11 11:18:00";"40.0";"300.00";"21159.50000";"21192.00000";"56300.00";"0.00";"IST";"PT";"18m 0s";"-0.00"
"152";"USATECHIDXUSD_ICM";"Buy";"21123.5";"21098.5";"2024.11.12 11:00:00";"2024.11.12 11:06:00";"40.0";"-1000.00";"21098.50000";"21131.00000";"55300.00";"0.00";"IST";"SL";"6m 0s";"-0.00"
"153";"USATECHIDXUSD_ICM";"Buy";"21046.1";"21053.6";"2024.11.14 15:00:00";"2024.11.14 15:03:00";"40.0";"300.00";"21021.09961";"21053.59961";"55600.00";"0.00";"IST";"PT";"3m 0s";"-0.00"
"154";"USATECHIDXUSD_ICM";"Buy";"20579.0";"20586.5";"2024.11.19 10:00:00";"2024.11.19 10:02:00";"40.0";"300.00";"20554.00000";"20586.50000";"55900.00";"0.00";"IST";"PT";"2m 0s";"-0.00"
"155";"USATECHIDXUSD_ICM";"Buy";"20705.8";"20680.8";"2024.11.20 12:00:00";"2024.11.20 12:20:00";"40.0";"-1000.00";"20680.80078";"20713.30078";"54900.00";"0.00";"IST";"SL";"20m 0s";"-0.00"
"156";"USATECHIDXUSD_ICM";"Buy";"20605.9";"20613.4";"2024.11.21 09:00:00";"2024.11.21 09:01:00";"40.0";"300.00";"20580.90039";"20613.40039";"55200.00";"0.00";"IST";"PT";"1m 0s";"-0.00"
"157";"USATECHIDXUSD_ICM";"Buy";"20721.4";"20728.9";"2024.11.22 09:00:00";"2024.11.22 09:09:00";"40.0";"300.00";"20696.40039";"20728.90039";"55500.00";"0.00";"IST";"PT";"9m 0s";"-0.00"
"158";"USATECHIDXUSD_ICM";"Buy";"20805.2";"20812.7";"2024.11.26 10:00:00";"2024.11.26 10:06:00";"40.0";"300.00";"20780.19922";"20812.69922";"55800.00";"0.00";"IST";"PT";"6m 0s";"-0.00"
"159";"USATECHIDXUSD_ICM";"Buy";"20885.7";"20893.2";"2024.11.27 08:00:00";"2024.11.27 08:14:00";"40.0";"300.00";"20860.69922";"20893.19922";"56100.00";"0.00";"IST";"PT";"14m 0s";"-0.00"
"160";"USATECHIDXUSD_ICM";"Buy";"20800.1";"20807.6";"2024.11.28 10:00:00";"2024.11.28 14:57:00";"40.0";"300.00";"20775.09961";"20807.59961";"56400.00";"0.00";"IST";"PT";"4h 57m";"-0.00"
"161";"USATECHIDXUSD_ICM";"Buy";"20823.7";"20831.2";"2024.11.29 10:00:00";"2024.11.29 10:01:00";"40.0";"300.00";"20798.69922";"20831.19922";"56700.00";"0.00";"IST";"PT";"1m 0s";"-0.00"
"162";"USATECHIDXUSD_ICM";"Buy";"20896.5";"20904.0";"2024.12.02 09:00:00";"2024.12.02 09:59:00";"40.0";"300.00";"20871.50000";"20904.00000";"57000.00";"0.00";"IST";"PT";"59m 0s";"-0.00"
"163";"USATECHIDXUSD_ICM";"Buy";"21169.4";"21176.9";"2024.12.03 09:00:00";"2024.12.03 10:04:00";"40.0";"300.00";"21144.40039";"21176.90039";"57300.00";"0.00";"IST";"PT";"1h 4m";"-0.00"
"164";"USATECHIDXUSD_ICM";"Buy";"21333.1";"21340.6";"2024.12.04 11:00:00";"2024.12.04 11:12:00";"40.0";"300.00";"21308.09961";"21340.59961";"57600.00";"0.00";"IST";"PT";"12m 0s";"-0.00"
"165";"USATECHIDXUSD_ICM";"Buy";"21456.1";"21463.6";"2024.12.05 12:00:00";"2024.12.05 12:06:00";"40.0";"300.00";"21431.09961";"21463.59961";"57900.00";"0.00";"IST";"PT";"6m 0s";"-0.00"
"166";"USATECHIDXUSD_ICM";"Buy";"21431.3";"21438.8";"2024.12.06 08:00:00";"2024.12.06 09:20:00";"40.0";"300.00";"21406.30078";"21438.80078";"58200.00";"0.00";"IST";"PT";"1h 20m";"-0.00"
"167";"USATECHIDXUSD_ICM";"Buy";"21572.7";"21580.2";"2024.12.09 13:00:00";"2024.12.09 13:01:00";"40.0";"300.00";"21547.69922";"21580.19922";"58500.00";"0.00";"IST";"PT";"1m 0s";"-0.00"
"168";"USATECHIDXUSD_ICM";"Buy";"21408.1";"21415.6";"2024.12.11 13:00:00";"2024.12.11 13:10:00";"40.0";"300.00";"21383.09961";"21415.59961";"58800.00";"0.00";"IST";"PT";"10m 0s";"-0.00"
"169";"USATECHIDXUSD_ICM";"Buy";"21700.7";"21708.2";"2024.12.12 12:00:00";"2024.12.12 12:25:00";"40.0";"300.00";"21675.69922";"21708.19922";"59100.00";"0.00";"IST";"PT";"25m 0s";"-0.00"
"170";"USATECHIDXUSD_ICM";"Buy";"21771.6";"21779.1";"2024.12.16 08:00:00";"2024.12.16 08:13:00";"40.0";"300.00";"21746.59961";"21779.09961";"59400.00";"0.00";"IST";"PT";"13m 0s";"-0.00"
"171";"USATECHIDXUSD_ICM";"Buy";"22019.2";"21994.2";"2024.12.18 08:00:00";"2024.12.18 08:36:00";"40.0";"-1000.00";"21994.19922";"22026.69922";"58400.00";"0.00";"IST";"SL";"36m 0s";"-0.00"
"172";"USATECHIDXUSD_ICM";"Buy";"21407.1";"21414.6";"2024.12.23 11:00:00";"2024.12.23 11:01:00";"40.0";"300.00";"21382.09961";"21414.59961";"58700.00";"0.00";"IST";"PT";"1m 0s";"-0.00"
"173";"USATECHIDXUSD_ICM";"Buy";"21505.6";"21513.1";"2024.12.24 09:00:00";"2024.12.24 09:03:00";"40.0";"300.00";"21480.59961";"21513.09961";"59000.00";"0.00";"IST";"PT";"3m 0s";"-0.00"
"174";"USATECHIDXUSD_ICM";"Buy";"21833.1";"21808.1";"2024.12.26 09:00:00";"2024.12.26 10:04:00";"40.0";"-1000.00";"21808.09961";"21840.59961";"58000.00";"0.00";"IST";"SL";"1h 4m";"-0.00"
"175";"USATECHIDXUSD_ICM";"Buy";"21252.0";"21227.0";"2024.12.31 15:00:00";"2024.12.31 15:05:00";"40.0";"-1000.00";"21227.00000";"21259.50000";"57000.00";"0.00";"IST";"SL";"5m 0s";"-0.00"
"176";"USATECHIDXUSD_ICM";"Buy";"21184.8";"21159.8";"2025.01.02 09:00:00";"2025.01.02 09:33:00";"40.0";"-1000.00";"21159.80078";"21192.30078";"56000.00";"0.00";"IST";"SL";"33m 0s";"-0.00"
"177";"USATECHIDXUSD_ICM";"Buy";"21046.1";"21021.1";"2025.01.03 09:00:00";"2025.01.03 09:12:00";"40.0";"-1000.00";"21021.09961";"21053.59961";"55000.00";"0.00";"IST";"SL";"12m 0s";"-0.00"
"178";"USATECHIDXUSD_ICM";"Buy";"21343.3";"21350.8";"2025.01.06 08:00:00";"2025.01.06 08:34:00";"40.0";"300.00";"21318.30078";"21350.80078";"55300.00";"0.00";"IST";"PT";"34m 0s";"-0.00"
"179";"USATECHIDXUSD_ICM";"Buy";"21519.1";"21526.6";"2025.01.07 08:00:00";"2025.01.07 08:03:00";"40.0";"300.00";"21494.09961";"21526.59961";"55600.00";"0.00";"IST";"PT";"3m 0s";"-0.00"
"180";"USATECHIDXUSD_ICM";"Buy";"21110.2";"21085.2";"2025.01.10 11:00:00";"2025.01.10 11:03:00";"40.0";"-1000.00";"21085.19922";"21117.69922";"54600.00";"0.00";"IST";"SL";"3m 0s";"-0.00"
"181";"USATECHIDXUSD_ICM";"Buy";"20960.8";"20935.8";"2025.01.14 11:00:00";"2025.01.14 11:17:00";"40.0";"-1000.00";"20935.80078";"20968.30078";"53600.00";"0.00";"IST";"SL";"17m 0s";"-0.00"
"182";"USATECHIDXUSD_ICM";"Buy";"20808.7";"20816.2";"2025.01.15 13:00:00";"2025.01.15 13:27:00";"40.0";"300.00";"20783.69922";"20816.19922";"53900.00";"0.00";"IST";"PT";"27m 0s";"-0.00"
"183";"USATECHIDXUSD_ICM";"Buy";"21331.8";"21339.3";"2025.01.16 13:00:00";"2025.01.16 13:02:00";"40.0";"300.00";"21306.80078";"21339.30078";"54200.00";"0.00";"IST";"PT";"2m 0s";"-0.00"
"184";"USATECHIDXUSD_ICM";"Buy";"21163.1";"21170.6";"2025.01.17 11:00:00";"2025.01.17 11:02:00";"40.0";"300.00";"21138.09961";"21170.59961";"54500.00";"0.00";"IST";"PT";"2m 0s";"-0.00"
"185";"USATECHIDXUSD_ICM";"Buy";"21474.6";"21449.6";"2025.01.20 13:00:00";"2025.01.20 14:15:00";"40.0";"-1000.00";"21449.59961";"21482.09961";"53500.00";"0.00";"IST";"SL";"1h 15m";"-0.00"
"186";"USATECHIDXUSD_ICM";"Buy";"21453.2";"21460.7";"2025.01.21 09:00:00";"2025.01.21 09:13:00";"40.0";"300.00";"21428.19922";"21460.69922";"53800.00";"0.00";"IST";"PT";"13m 0s";"-0.00"
"187";"USATECHIDXUSD_ICM";"Buy";"21705.8";"21713.3";"2025.01.22 10:00:00";"2025.01.22 10:00:00";"40.0";"300.00";"21680.80078";"21713.30078";"54100.00";"0.00";"IST";"PT";"0s";"-0.00"
"188";"USATECHIDXUSD_ICM";"Buy";"21859.6";"21867.1";"2025.01.24 08:00:00";"2025.01.24 08:07:00";"40.0";"300.00";"21834.59961";"21867.09961";"54400.00";"0.00";"IST";"PT";"7m 0s";"-0.00"
"189";"USATECHIDXUSD_ICM";"Buy";"21269.9";"21277.4";"2025.01.28 11:00:00";"2025.01.28 11:04:00";"40.0";"300.00";"21244.90039";"21277.40039";"54700.00";"0.00";"IST";"PT";"4m 0s";"-0.00"
"190";"USATECHIDXUSD_ICM";"Buy";"21548.4";"21555.9";"2025.01.29 10:00:00";"2025.01.29 10:03:00";"40.0";"300.00";"21523.40039";"21555.90039";"55000.00";"0.00";"IST";"PT";"3m 0s";"-0.00"
"191";"USATECHIDXUSD_ICM";"Buy";"21522.7";"21530.2";"2025.01.30 14:00:00";"2025.01.30 14:00:00";"40.0";"300.00";"21497.69922";"21530.19922";"55300.00";"0.00";"IST";"PT";"0s";"-0.00"
"192";"USATECHIDXUSD_ICM";"Buy";"21668.1";"21675.6";"2025.01.31 13:00:00";"2025.01.31 13:08:00";"40.0";"300.00";"21643.09961";"21675.59961";"55600.00";"0.00";"IST";"PT";"8m 0s";"-0.00"
"193";"USATECHIDXUSD_ICM";"Buy";"21297.5";"21305.0";"2025.02.04 10:00:00";"2025.02.04 10:00:00";"40.0";"300.00";"21272.50000";"21305.00000";"55900.00";"0.00";"IST";"PT";"0s";"-0.00"
"194";"USATECHIDXUSD_ICM";"Buy";"21367.2";"21374.7";"2025.02.05 11:00:00";"2025.02.05 11:02:00";"40.0";"300.00";"21342.19922";"21374.69922";"56200.00";"0.00";"IST";"PT";"2m 0s";"-0.00"
"195";"USATECHIDXUSD_ICM";"Buy";"21700.7";"21708.2";"2025.02.06 11:00:00";"2025.02.06 11:04:00";"40.0";"300.00";"21675.69922";"21708.19922";"56500.00";"0.00";"IST";"PT";"4m 0s";"-0.00"
"196";"USATECHIDXUSD_ICM";"Buy";"21775.5";"21750.5";"2025.02.07 14:00:00";"2025.02.07 15:22:00";"40.0";"-1000.00";"21750.50000";"21783.00000";"55500.00";"0.00";"IST";"SL";"1h 22m";"-0.00"
"197";"USATECHIDXUSD_ICM";"Buy";"21647.1";"21654.6";"2025.02.10 14:00:00";"2025.02.10 15:14:00";"40.0";"300.00";"21622.09961";"21654.59961";"55800.00";"0.00";"IST";"PT";"1h 14m";"-0.00"
"198";"USATECHIDXUSD_ICM";"Buy";"21669.3";"21676.8";"2025.02.11 11:00:00";"2025.02.11 11:00:00";"40.0";"300.00";"21644.30078";"21676.80078";"56100.00";"0.00";"IST";"PT";"0s";"-0.00"
"199";"USATECHIDXUSD_ICM";"Buy";"21699.9";"21707.4";"2025.02.12 14:00:00";"2025.02.12 14:13:00";"40.0";"300.00";"21674.90039";"21707.40039";"56400.00";"0.00";"IST";"PT";"13m 0s";"-0.00"
"200";"USATECHIDXUSD_ICM";"Buy";"21769.5";"21744.5";"2025.02.13 10:00:00";"2025.02.13 10:10:00";"40.0";"-1000.00";"21744.50000";"21777.00000";"55400.00";"0.00";"IST";"SL";"10m 0s";"-0.00"
"201";"USATECHIDXUSD_ICM";"Buy";"22022.1";"21997.1";"2025.02.14 13:00:00";"2025.02.14 13:06:00";"40.0";"-1000.00";"21997.09961";"22029.59961";"54400.00";"0.00";"IST";"SL";"6m 0s";"-0.00"
"202";"USATECHIDXUSD_ICM";"Buy";"22193.8";"22168.8";"2025.02.17 08:00:00";"2025.02.17 09:43:00";"40.0";"-1000.00";"22168.80078";"22201.30078";"53400.00";"0.00";"IST";"SL";"1h 43m";"-0.00"
"203";"USATECHIDXUSD_ICM";"Buy";"22224.4";"22231.9";"2025.02.18 09:00:00";"2025.02.18 09:00:00";"40.0";"300.00";"22199.40039";"22231.90039";"53700.00";"0.00";"IST";"PT";"0s";"-0.00"
"204";"USATECHIDXUSD_ICM";"Buy";"22171.1";"22146.1";"2025.02.19 12:00:00";"2025.02.19 12:29:00";"40.0";"-1000.00";"22146.09961";"22178.59961";"52700.00";"0.00";"IST";"SL";"29m 0s";"-0.00"
"205";"USATECHIDXUSD_ICM";"Buy";"22101.3";"22108.8";"2025.02.21 13:00:00";"2025.02.21 14:05:00";"40.0";"300.00";"22076.30078";"22108.80078";"53000.00";"0.00";"IST";"PT";"1h 5m";"-0.00"
"206";"USATECHIDXUSD_ICM";"Buy";"21230.1";"21237.6";"2025.02.26 11:00:00";"2025.02.26 11:03:00";"40.0";"300.00";"21205.09961";"21237.59961";"53300.00";"0.00";"IST";"PT";"3m 0s";"-0.00"
"207";"USATECHIDXUSD_ICM";"Buy";"21189.4";"21196.9";"2025.02.27 08:00:00";"2025.02.27 08:02:00";"40.0";"300.00";"21164.40039";"21196.90039";"53600.00";"0.00";"IST";"PT";"2m 0s";"-0.00"
"208";"USATECHIDXUSD_ICM";"Buy";"20903.7";"20911.2";"2025.03.03 11:00:00";"2025.03.03 11:15:00";"40.0";"300.00";"20878.69922";"20911.19922";"53900.00";"0.00";"IST";"PT";"15m 0s";"-0.00"
"209";"USATECHIDXUSD_ICM";"Buy";"20508.0";"20515.5";"2025.03.05 09:00:00";"2025.03.05 09:01:00";"40.0";"300.00";"20483.00000";"20515.50000";"54200.00";"0.00";"IST";"PT";"1m 0s";"-0.00"
"210";"USATECHIDXUSD_ICM";"Buy";"20574.8";"20582.3";"2025.03.06 08:00:00";"2025.03.06 08:13:00";"40.0";"300.00";"20549.80078";"20582.30078";"54500.00";"0.00";"IST";"PT";"13m 0s";"-0.00"
"211";"USATECHIDXUSD_ICM";"Buy";"20063.3";"20070.8";"2025.03.10 09:00:00";"2025.03.10 09:00:00";"40.0";"300.00";"20038.30078";"20070.80078";"54800.00";"0.00";"IST";"PT";"0s";"-0.00"
"212";"USATECHIDXUSD_ICM";"Buy";"19456.0";"19431.0";"2025.03.12 09:00:00";"2025.03.12 09:15:00";"40.0";"-1000.00";"19431.00000";"19463.50000";"53800.00";"0.00";"IST";"SL";"15m 0s";"-0.00"
"213";"USATECHIDXUSD_ICM";"Buy";"19556.5";"19564.0";"2025.03.13 14:00:00";"2025.03.13 14:01:00";"40.0";"300.00";"19531.50000";"19564.00000";"54100.00";"0.00";"IST";"PT";"1m 0s";"-0.00"
"214";"USATECHIDXUSD_ICM";"Buy";"19427.6";"19435.1";"2025.03.14 08:00:00";"2025.03.14 08:15:00";"40.0";"300.00";"19402.59961";"19435.09961";"54400.00";"0.00";"IST";"PT";"15m 0s";"-0.00"
"215";"USATECHIDXUSD_ICM";"Buy";"19581.1";"19556.1";"2025.03.17 08:00:00";"2025.03.17 09:20:00";"40.0";"-1000.00";"19556.09961";"19588.59961";"53400.00";"0.00";"IST";"SL";"1h 20m";"-0.00"
"216";"USATECHIDXUSD_ICM";"Buy";"19757.9";"19765.4";"2025.03.18 10:00:00";"2025.03.18 10:26:00";"40.0";"300.00";"19732.90039";"19765.40039";"53700.00";"0.00";"IST";"PT";"26m 0s";"-0.00"
"217";"USATECHIDXUSD_ICM";"Buy";"19835.6";"19843.1";"2025.03.20 10:00:00";"2025.03.20 10:01:00";"40.0";"300.00";"19810.59961";"19843.09961";"54000.00";"0.00";"IST";"PT";"1m 0s";"-0.00"
"218";"USATECHIDXUSD_ICM";"Buy";"20052.6";"20060.1";"2025.03.24 15:00:00";"2025.03.24 15:30:00";"40.0";"300.00";"20027.59961";"20060.09961";"54300.00";"0.00";"IST";"PT";"30m 0s";"-0.00"
"219";"USATECHIDXUSD_ICM";"Buy";"20172.1";"20179.6";"2025.03.25 14:00:00";"2025.03.25 14:01:00";"40.0";"300.00";"20147.09961";"20179.59961";"54600.00";"0.00";"IST";"PT";"1m 0s";"-0.00"
"220";"USATECHIDXUSD_ICM";"Buy";"20254.8";"20262.3";"2025.03.26 12:00:00";"2025.03.26 12:03:00";"40.0";"300.00";"20229.80078";"20262.30078";"54900.00";"0.00";"IST";"PT";"3m 0s";"-0.00"
"221";"USATECHIDXUSD_ICM";"Buy";"19185.6";"19193.1";"2025.04.01 09:00:00";"2025.04.01 09:00:00";"40.0";"300.00";"19160.59961";"19193.09961";"55200.00";"0.00";"IST";"PT";"0s";"-0.00"
"222";"USATECHIDXUSD_ICM";"Buy";"19358.3";"19365.8";"2025.04.02 12:00:00";"2025.04.02 12:06:00";"40.0";"300.00";"19333.30078";"19365.80078";"55500.00";"0.00";"IST";"PT";"6m 0s";"-0.00"
"223";"USATECHIDXUSD_ICM";"Buy";"17650.9";"17658.4";"2025.04.08 14:00:00";"2025.04.08 14:00:00";"40.0";"300.00";"17625.90039";"17658.40039";"55800.00";"0.00";"IST";"PT";"0s";"-0.00"
"224";"USATECHIDXUSD_ICM";"Buy";"18633.3";"18640.8";"2025.04.10 12:00:00";"2025.04.10 12:00:00";"40.0";"300.00";"18608.30078";"18640.80078";"56100.00";"0.00";"IST";"PT";"0s";"-0.00"
"225";"USATECHIDXUSD_ICM";"Buy";"18506.9";"18514.4";"2025.04.11 13:00:00";"2025.04.11 13:00:00";"40.0";"300.00";"18481.90039";"18514.40039";"56400.00";"0.00";"IST";"PT";"0s";"-0.00"
"226";"USATECHIDXUSD_ICM";"Buy";"18947.5";"18955.0";"2025.04.14 09:00:00";"2025.04.14 09:01:00";"40.0";"300.00";"18922.50000";"18955.00000";"56700.00";"0.00";"IST";"PT";"1m 0s";"-0.00"
"227";"USATECHIDXUSD_ICM";"Buy";"18775.6";"18750.6";"2025.04.15 08:00:00";"2025.04.15 08:27:00";"40.0";"-1000.00";"18750.59961";"18783.09961";"55700.00";"0.00";"IST";"SL";"27m 0s";"-0.00"
"228";"USATECHIDXUSD_ICM";"Buy";"18444.3";"18451.8";"2025.04.17 10:00:00";"2025.04.17 10:00:00";"40.0";"300.00";"18419.30078";"18451.80078";"56000.00";"0.00";"IST";"PT";"0s";"-0.00"
"229";"USATECHIDXUSD_ICM";"Buy";"17981.8";"17989.3";"2025.04.22 13:00:00";"2025.04.22 13:02:00";"40.0";"300.00";"17956.80078";"17989.30078";"56300.00";"0.00";"IST";"PT";"2m 0s";"-0.00"
"230";"USATECHIDXUSD_ICM";"Buy";"18672.2";"18679.7";"2025.04.23 11:00:00";"2025.04.23 11:07:00";"40.0";"300.00";"18647.19922";"18679.69922";"56600.00";"0.00";"IST";"PT";"7m 0s";"-0.00"
"231";"USATECHIDXUSD_ICM";"Buy";"19310.1";"19317.6";"2025.04.25 11:00:00";"2025.04.25 11:01:00";"40.0";"300.00";"19285.09961";"19317.59961";"56900.00";"0.00";"IST";"PT";"1m 0s";"-0.00"
"232";"USATECHIDXUSD_ICM";"Buy";"19310.5";"19318.0";"2025.04.28 09:00:00";"2025.04.28 09:00:00";"40.0";"300.00";"19285.50000";"19318.00000";"57200.00";"0.00";"IST";"PT";"0s";"-0.00"
"233";"USATECHIDXUSD_ICM";"Buy";"19431.9";"19439.4";"2025.04.29 09:00:00";"2025.04.29 09:05:00";"40.0";"300.00";"19406.90039";"19439.40039";"57500.00";"0.00";"IST";"PT";"5m 0s";"-0.00"
"234";"USATECHIDXUSD_ICM";"Buy";"19478.0";"19485.5";"2025.04.30 11:00:00";"2025.04.30 11:09:00";"40.0";"300.00";"19453.00000";"19485.50000";"57800.00";"0.00";"IST";"PT";"9m 0s";"-0.00"
"235";"USATECHIDXUSD_ICM";"Buy";"19906.5";"19914.0";"2025.05.01 14:00:00";"2025.05.01 14:02:00";"40.0";"300.00";"19881.50000";"19914.00000";"58100.00";"0.00";"IST";"PT";"2m 0s";"-0.00"
"236";"USATECHIDXUSD_ICM";"Buy";"19892.5";"19867.5";"2025.05.02 08:00:00";"2025.05.02 08:25:00";"40.0";"-1000.00";"19867.50000";"19900.00000";"57100.00";"0.00";"IST";"SL";"25m 0s";"-0.00"
"237";"USATECHIDXUSD_ICM";"Buy";"19941.6";"19949.1";"2025.05.05 08:00:00";"2025.05.05 08:00:00";"40.0";"300.00";"19916.59961";"19949.09961";"57400.00";"0.00";"IST";"PT";"0s";"-0.00"
"238";"USATECHIDXUSD_ICM";"Buy";"19928.9";"19936.4";"2025.05.07 11:00:00";"2025.05.07 11:00:00";"40.0";"300.00";"19903.90039";"19936.40039";"57700.00";"0.00";"IST";"PT";"0s";"-0.00"
"239";"USATECHIDXUSD_ICM";"Buy";"20101.6";"20109.1";"2025.05.08 08:00:00";"2025.05.08 08:00:00";"40.0";"300.00";"20076.59961";"20109.09961";"58000.00";"0.00";"IST";"PT";"0s";"-0.00"
"240";"USATECHIDXUSD_ICM";"Buy";"20114.2";"20121.7";"2025.05.09 09:00:00";"2025.05.09 09:00:00";"40.0";"300.00";"20089.19922";"20121.69922";"58300.00";"0.00";"IST";"PT";"0s";"-0.00"
"241";"USATECHIDXUSD_ICM";"Buy";"20453.5";"20461.0";"2025.05.12 08:00:00";"2025.05.12 08:29:00";"40.0";"300.00";"20428.50000";"20461.00000";"58600.00";"0.00";"IST";"PT";"29m 0s";"-0.00"
"242";"USATECHIDXUSD_ICM";"Buy";"20800.1";"20807.6";"2025.05.13 13:00:00";"2025.05.13 13:40:00";"40.0";"300.00";"20775.09961";"20807.59961";"58900.00";"0.00";"IST";"PT";"40m 0s";"-0.00"
"243";"USATECHIDXUSD_ICM";"Buy";"21223.5";"21198.5";"2025.05.14 11:00:00";"2025.05.14 11:04:00";"40.0";"-1000.00";"21198.50000";"21231.00000";"57900.00";"0.00";"IST";"SL";"4m 0s";"-0.00"
"244";"USATECHIDXUSD_ICM";"Buy";"21248.8";"21256.3";"2025.05.15 09:00:00";"2025.05.15 09:10:00";"40.0";"300.00";"21223.80078";"21256.30078";"58200.00";"0.00";"IST";"PT";"10m 0s";"-0.00"
"245";"USATECHIDXUSD_ICM";"Buy";"21362.8";"21370.3";"2025.05.16 11:00:00";"2025.05.16 11:03:00";"40.0";"300.00";"21337.80078";"21370.30078";"58500.00";"0.00";"IST";"PT";"3m 0s";"-0.00"
"246";"USATECHIDXUSD_ICM";"Buy";"21358.7";"21366.2";"2025.05.20 12:00:00";"2025.05.20 12:02:00";"40.0";"300.00";"21333.69922";"21366.19922";"58800.00";"0.00";"IST";"PT";"2m 0s";"-0.00"
"247";"USATECHIDXUSD_ICM";"Buy";"21147.0";"21154.5";"2025.05.26 09:00:00";"2025.05.26 09:03:00";"40.0";"300.00";"21122.00000";"21154.50000";"59100.00";"0.00";"OOS1";"PT";"3m 0s";"-0.00"
"248";"USATECHIDXUSD_ICM";"Buy";"21123.7";"21131.2";"2025.05.27 08:00:00";"2025.05.27 08:25:00";"40.0";"300.00";"21098.69922";"21131.19922";"59400.00";"0.00";"OOS1";"PT";"25m 0s";"-0.00"
"249";"USATECHIDXUSD_ICM";"Buy";"21382.7";"21390.2";"2025.05.28 08:00:00";"2025.05.28 08:16:00";"40.0";"300.00";"21357.69922";"21390.19922";"59700.00";"0.00";"OOS1";"PT";"16m 0s";"-0.00"
"250";"USATECHIDXUSD_ICM";"Buy";"21602.1";"21609.6";"2025.05.29 15:00:00";"2025.05.29 15:01:00";"40.0";"300.00";"21577.09961";"21609.59961";"60000.00";"0.00";"OOS1";"PT";"1m 0s";"-0.00"
"251";"USATECHIDXUSD_ICM";"Buy";"21454.2";"21461.7";"2025.06.03 14:00:00";"2025.06.03 14:08:00";"40.0";"300.00";"21429.19922";"21461.69922";"60300.00";"0.00";"OOS1";"PT";"8m 0s";"-0.00"
"252";"USATECHIDXUSD_ICM";"Buy";"21682.7";"21690.2";"2025.06.04 11:00:00";"2025.06.04 11:04:00";"40.0";"300.00";"21657.69922";"21690.19922";"60600.00";"0.00";"OOS1";"PT";"4m 0s";"-0.00"
"253";"USATECHIDXUSD_ICM";"Buy";"21697.6";"21705.1";"2025.06.05 09:00:00";"2025.06.05 09:34:00";"40.0";"300.00";"21672.59961";"21705.09961";"60900.00";"0.00";"OOS1";"PT";"34m 0s";"-0.00"
"254";"USATECHIDXUSD_ICM";"Buy";"21654.1";"21629.1";"2025.06.06 13:00:00";"2025.06.06 13:47:00";"40.0";"-1000.00";"21629.09961";"21661.59961";"59900.00";"0.00";"OOS1";"SL";"47m 0s";"-0.00"
"255";"USATECHIDXUSD_ICM";"Buy";"21716.7";"21724.2";"2025.06.09 09:00:00";"2025.06.09 09:52:00";"40.0";"300.00";"21691.69922";"21724.19922";"60200.00";"0.00";"OOS1";"PT";"52m 0s";"-0.00"
"256";"USATECHIDXUSD_ICM";"Buy";"21891.7";"21899.2";"2025.06.10 08:00:00";"2025.06.10 08:06:00";"40.0";"300.00";"21866.69922";"21899.19922";"60500.00";"0.00";"OOS1";"PT";"6m 0s";"-0.00"
"257";"USATECHIDXUSD_ICM";"Buy";"21905.2";"21912.7";"2025.06.11 11:00:00";"2025.06.11 11:04:00";"40.0";"300.00";"21880.19922";"21912.69922";"60800.00";"0.00";"OOS1";"PT";"4m 0s";"-0.00"
"258";"USATECHIDXUSD_ICM";"Buy";"21701.4";"21708.9";"2025.06.16 09:00:00";"2025.06.16 09:08:00";"40.0";"300.00";"21676.40039";"21708.90039";"61100.00";"0.00";"OOS1";"PT";"8m 0s";"-0.00"
"259";"USATECHIDXUSD_ICM";"Buy";"21845.7";"21853.2";"2025.06.17 09:00:00";"2025.06.17 09:02:00";"40.0";"300.00";"21820.69922";"21853.19922";"61400.00";"0.00";"OOS1";"PT";"2m 0s";"-0.00"
"260";"USATECHIDXUSD_ICM";"Buy";"21799.5";"21774.5";"2025.06.18 13:00:00";"2025.06.18 13:22:00";"40.0";"-1000.00";"21774.50000";"21807.00000";"60400.00";"0.00";"OOS1";"SL";"22m 0s";"-0.00"
"261";"USATECHIDXUSD_ICM";"Buy";"21703.6";"21711.1";"2025.06.20 11:00:00";"2025.06.20 11:01:00";"40.0";"300.00";"21678.59961";"21711.09961";"60700.00";"0.00";"OOS1";"PT";"1m 0s";"-0.00"
"262";"USATECHIDXUSD_ICM";"Buy";"21608.4";"21615.9";"2025.06.23 15:00:00";"2025.06.23 15:01:00";"40.0";"300.00";"21583.40039";"21615.90039";"61000.00";"0.00";"OOS1";"PT";"1m 0s";"-0.00"
"263";"USATECHIDXUSD_ICM";"Buy";"22097.8";"22072.8";"2025.06.24 13:00:00";"2025.06.24 13:04:00";"40.0";"-1000.00";"22072.80078";"22105.30078";"60000.00";"0.00";"OOS1";"SL";"4m 0s";"-0.00"
"264";"USATECHIDXUSD_ICM";"Buy";"22199.7";"22207.2";"2025.06.25 10:00:00";"2025.06.25 10:13:00";"40.0";"300.00";"22174.69922";"22207.19922";"60300.00";"0.00";"OOS1";"PT";"13m 0s";"-0.00"
"265";"USATECHIDXUSD_ICM";"Buy";"22313.1";"22320.6";"2025.06.26 10:00:00";"2025.06.26 10:17:00";"40.0";"300.00";"22288.09961";"22320.59961";"60600.00";"0.00";"OOS1";"PT";"17m 0s";"-0.00"
"266";"USATECHIDXUSD_ICM";"Buy";"22520.8";"22528.3";"2025.06.27 10:00:00";"2025.06.27 10:18:00";"40.0";"300.00";"22495.80078";"22528.30078";"60900.00";"0.00";"OOS1";"PT";"18m 0s";"-0.00"
"267";"USATECHIDXUSD_ICM";"Buy";"22658.0";"22665.5";"2025.06.30 09:00:00";"2025.06.30 09:06:00";"40.0";"300.00";"22633.00000";"22665.50000";"61200.00";"0.00";"OOS1";"PT";"6m 0s";"-0.00"
"268";"USATECHIDXUSD_ICM";"Buy";"22644.3";"22619.3";"2025.07.01 08:00:00";"2025.07.01 09:05:00";"40.0";"-1000.00";"22619.30078";"22651.80078";"60200.00";"0.00";"OOS1";"SL";"1h 5m";"-0.00"
"269";"USATECHIDXUSD_ICM";"Buy";"22656.5";"22664.0";"2025.07.03 08:00:00";"2025.07.03 09:20:00";"40.0";"300.00";"22631.50000";"22664.00000";"60500.00";"0.00";"OOS1";"PT";"1h 20m";"-0.00"
"270";"USATECHIDXUSD_ICM";"Buy";"22810.9";"22785.9";"2025.07.04 08:00:00";"2025.07.04 10:05:00";"40.0";"-1000.00";"22785.90039";"22818.40039";"59500.00";"0.00";"OOS1";"SL";"2h 5m";"-0.00"
"271";"USATECHIDXUSD_ICM";"Buy";"22754.5";"22729.5";"2025.07.07 11:00:00";"2025.07.07 11:09:00";"40.0";"-1000.00";"22729.50000";"22762.00000";"58500.00";"0.00";"OOS1";"SL";"9m 0s";"-0.00"
"272";"USATECHIDXUSD_ICM";"Buy";"22738.7";"22746.2";"2025.07.08 09:00:00";"2025.07.08 09:20:00";"40.0";"300.00";"22713.69922";"22746.19922";"58800.00";"0.00";"OOS1";"PT";"20m 0s";"-0.00"
"273";"USATECHIDXUSD_ICM";"Buy";"22730.4";"22737.9";"2025.07.09 14:00:00";"2025.07.09 14:13:00";"40.0";"300.00";"22705.40039";"22737.90039";"59100.00";"0.00";"OOS1";"PT";"13m 0s";"-0.00"
"274";"USATECHIDXUSD_ICM";"Buy";"22803.1";"22810.6";"2025.07.10 09:00:00";"2025.07.10 10:20:00";"40.0";"300.00";"22778.09961";"22810.59961";"59400.00";"0.00";"OOS1";"PT";"1h 20m";"-0.00"
"275";"USATECHIDXUSD_ICM";"Buy";"22939.9";"22947.4";"2025.07.15 08:00:00";"2025.07.15 08:02:00";"40.0";"300.00";"22914.90039";"22947.40039";"59700.00";"0.00";"OOS1";"PT";"2m 0s";"-0.00"
"276";"USATECHIDXUSD_ICM";"Buy";"22871.6";"22879.1";"2025.07.17 08:00:00";"2025.07.17 08:21:00";"40.0";"300.00";"22846.59961";"22879.09961";"60000.00";"0.00";"OOS1";"PT";"21m 0s";"-0.00"
"277";"USATECHIDXUSD_ICM";"Buy";"23139.5";"23114.5";"2025.07.18 09:00:00";"2025.07.18 10:12:00";"40.0";"-1000.00";"23114.50000";"23147.00000";"59000.00";"0.00";"OOS1";"SL";"1h 12m";"-0.00"
"278";"USATECHIDXUSD_ICM";"Buy";"23110.9";"23118.4";"2025.07.21 08:00:00";"2025.07.21 09:09:00";"40.0";"300.00";"23085.90039";"23118.40039";"59300.00";"0.00";"OOS1";"PT";"1h 9m";"-0.00"
"279";"USATECHIDXUSD_ICM";"Buy";"23149.4";"23156.9";"2025.07.22 08:00:00";"2025.07.22 08:50:00";"40.0";"300.00";"23124.40039";"23156.90039";"59600.00";"0.00";"OOS1";"PT";"50m 0s";"-0.00"
"280";"USATECHIDXUSD_ICM";"Buy";"23114.9";"23122.4";"2025.07.23 10:00:00";"2025.07.23 10:20:00";"40.0";"300.00";"23089.90039";"23122.40039";"59900.00";"0.00";"OOS1";"PT";"20m 0s";"-0.00"
"281";"USATECHIDXUSD_ICM";"Buy";"23230.1";"23237.6";"2025.07.24 08:00:00";"2025.07.24 09:03:00";"40.0";"300.00";"23205.09961";"23237.59961";"60200.00";"0.00";"OOS1";"PT";"1h 3m";"-0.00"
"282";"USATECHIDXUSD_ICM";"Buy";"23253.6";"23261.1";"2025.07.25 08:00:00";"2025.07.25 08:10:00";"40.0";"300.00";"23228.59961";"23261.09961";"60500.00";"0.00";"OOS1";"PT";"10m 0s";"-0.00"
"283";"USATECHIDXUSD_ICM";"Buy";"23431.1";"23438.6";"2025.07.28 09:00:00";"2025.07.28 09:14:00";"40.0";"300.00";"23406.09961";"23438.59961";"60800.00";"0.00";"OOS1";"PT";"14m 0s";"-0.00"
"284";"USATECHIDXUSD_ICM";"Buy";"23404.6";"23412.1";"2025.07.29 08:00:00";"2025.07.29 08:49:00";"40.0";"300.00";"23379.59961";"23412.09961";"61100.00";"0.00";"OOS1";"PT";"49m 0s";"-0.00"
"285";"USATECHIDXUSD_ICM";"Buy";"23369.1";"23344.1";"2025.07.30 15:00:00";"2025.07.30 15:09:00";"40.0";"-1000.00";"23344.09961";"23376.59961";"60100.00";"0.00";"OOS1";"SL";"9m 0s";"-0.00"
"286";"USATECHIDXUSD_ICM";"Buy";"23643.8";"23651.3";"2025.07.31 14:00:00";"2025.07.31 14:00:00";"40.0";"300.00";"23618.80078";"23651.30078";"60400.00";"0.00";"OOS1";"PT";"0s";"-0.00"
"287";"USATECHIDXUSD_ICM";"Buy";"23269.5";"23277.0";"2025.08.05 14:00:00";"2025.08.05 14:46:00";"40.0";"300.00";"23244.50000";"23277.00000";"60700.00";"0.00";"OOS1";"PT";"46m 0s";"-0.00"
"288";"USATECHIDXUSD_ICM";"Buy";"23453.9";"23461.4";"2025.08.08 12:00:00";"2025.08.08 12:09:00";"40.0";"300.00";"23428.90039";"23461.40039";"61000.00";"0.00";"OOS1";"PT";"9m 0s";"-0.00"
"289";"USATECHIDXUSD_ICM";"Buy";"23638.9";"23646.4";"2025.08.11 08:00:00";"2025.08.11 09:46:00";"40.0";"300.00";"23613.90039";"23646.40039";"61300.00";"0.00";"OOS1";"PT";"1h 46m";"-0.00"
"290";"USATECHIDXUSD_ICM";"Buy";"23892.8";"23900.3";"2025.08.13 15:00:00";"2025.08.13 15:05:00";"40.0";"300.00";"23867.80078";"23900.30078";"61600.00";"0.00";"OOS1";"PT";"5m 0s";"-0.00"
"291";"USATECHIDXUSD_ICM";"Buy";"23820.6";"23828.1";"2025.08.14 10:00:00";"2025.08.14 10:17:00";"40.0";"300.00";"23795.59961";"23828.09961";"61900.00";"0.00";"OOS1";"PT";"17m 0s";"-0.00"
"292";"USATECHIDXUSD_ICM";"Buy";"23849.5";"23857.0";"2025.08.15 11:00:00";"2025.08.15 11:04:00";"40.0";"300.00";"23824.50000";"23857.00000";"62200.00";"0.00";"OOS1";"PT";"4m 0s";"-0.00"
"293";"USATECHIDXUSD_ICM";"Buy";"23263.7";"23271.2";"2025.08.21 09:00:00";"2025.08.21 09:10:00";"40.0";"300.00";"23238.69922";"23271.19922";"62500.00";"0.00";"OOS1";"PT";"10m 0s";"-0.00"
"294";"USATECHIDXUSD_ICM";"Buy";"23182.0";"23189.5";"2025.08.22 12:00:00";"2025.08.22 13:05:00";"40.0";"300.00";"23157.00000";"23189.50000";"62800.00";"0.00";"OOS1";"PT";"1h 5m";"-0.00"
"295";"USATECHIDXUSD_ICM";"Buy";"23433.9";"23408.9";"2025.08.25 13:00:00";"2025.08.25 13:27:00";"40.0";"-1000.00";"23408.90039";"23441.40039";"61800.00";"0.00";"OOS1";"SL";"27m 0s";"-0.00"
"296";"USATECHIDXUSD_ICM";"Buy";"23410.7";"23385.7";"2025.08.26 09:00:00";"2025.08.26 09:26:00";"40.0";"-1000.00";"23385.69922";"23418.19922";"60800.00";"0.00";"OOS1";"SL";"26m 0s";"-0.00"
"297";"USATECHIDXUSD_ICM";"Buy";"23552.0";"23527.0";"2025.08.27 08:00:00";"2025.08.27 08:56:00";"40.0";"-1000.00";"23527.00000";"23559.50000";"59800.00";"0.00";"OOS1";"SL";"56m 0s";"-0.00"
"298";"USATECHIDXUSD_ICM";"Buy";"23546.6";"23554.1";"2025.08.28 10:00:00";"2025.08.28 10:03:00";"40.0";"300.00";"23521.59961";"23554.09961";"60100.00";"0.00";"OOS1";"PT";"3m 0s";"-0.00"
"299";"USATECHIDXUSD_ICM";"Buy";"23666.5";"23674.0";"2025.08.29 10:00:00";"2025.08.29 10:03:00";"40.0";"300.00";"23641.50000";"23674.00000";"60400.00";"0.00";"OOS1";"PT";"3m 0s";"-0.00"
"300";"USATECHIDXUSD_ICM";"Buy";"23381.8";"23389.3";"2025.09.03 15:00:00";"2025.09.03 15:03:00";"40.0";"300.00";"23356.80078";"23389.30078";"60700.00";"0.00";"OOS1";"PT";"3m 0s";"-0.00"
"301";"USATECHIDXUSD_ICM";"Buy";"23428.5";"23436.0";"2025.09.04 09:00:00";"2025.09.04 09:07:00";"40.0";"300.00";"23403.50000";"23436.00000";"61000.00";"0.00";"OOS1";"PT";"7m 0s";"-0.00"
"302";"USATECHIDXUSD_ICM";"Buy";"23748.4";"23755.9";"2025.09.05 13:00:00";"2025.09.05 14:11:00";"40.0";"300.00";"23723.40039";"23755.90039";"61300.00";"0.00";"OOS1";"PT";"1h 11m";"-0.00"
"303";"USATECHIDXUSD_ICM";"Buy";"23738.2";"23745.7";"2025.09.08 14:00:00";"2025.09.08 14:14:00";"40.0";"300.00";"23713.19922";"23745.69922";"61600.00";"0.00";"OOS1";"PT";"14m 0s";"-0.00"
"304";"USATECHIDXUSD_ICM";"Buy";"23803.3";"23810.8";"2025.09.09 09:00:00";"2025.09.09 09:06:00";"40.0";"300.00";"23778.30078";"23810.80078";"61900.00";"0.00";"OOS1";"PT";"6m 0s";"-0.00"
"305";"USATECHIDXUSD_ICM";"Buy";"23891.0";"23898.5";"2025.09.10 09:00:00";"2025.09.10 09:14:00";"40.0";"300.00";"23866.00000";"23898.50000";"62200.00";"0.00";"OOS1";"PT";"14m 0s";"-0.00"
"306";"USATECHIDXUSD_ICM";"Buy";"23856.0";"23863.5";"2025.09.11 08:00:00";"2025.09.11 08:25:00";"40.0";"300.00";"23831.00000";"23863.50000";"62500.00";"0.00";"OOS1";"PT";"25m 0s";"-0.00"
"307";"USATECHIDXUSD_ICM";"Buy";"23984.1";"23991.6";"2025.09.12 12:00:00";"2025.09.12 12:47:00";"40.0";"300.00";"23959.09961";"23991.59961";"62800.00";"0.00";"OOS1";"PT";"47m 0s";"-0.00"
"308";"USATECHIDXUSD_ICM";"Buy";"24130.0";"24137.5";"2025.09.15 10:00:00";"2025.09.15 10:36:00";"40.0";"300.00";"24105.00000";"24137.50000";"63100.00";"0.00";"OOS1";"PT";"36m 0s";"-0.00"
"309";"USATECHIDXUSD_ICM";"Buy";"24337.3";"24344.8";"2025.09.16 09:00:00";"2025.09.16 09:11:00";"40.0";"300.00";"24312.30078";"24344.80078";"63400.00";"0.00";"OOS1";"PT";"11m 0s";"-0.00"
"310";"USATECHIDXUSD_ICM";"Buy";"24375.4";"24382.9";"2025.09.18 10:00:00";"2025.09.18 10:06:00";"40.0";"300.00";"24350.40039";"24382.90039";"63700.00";"0.00";"OOS1";"PT";"6m 0s";"-0.00"
"311";"USATECHIDXUSD_ICM";"Buy";"24427.1";"24434.6";"2025.09.19 10:00:00";"2025.09.19 10:02:00";"40.0";"300.00";"24402.09961";"24434.59961";"64000.00";"0.00";"OOS1";"PT";"2m 0s";"-0.00"
"312";"USATECHIDXUSD_ICM";"Buy";"24570.8";"24578.3";"2025.09.22 10:00:00";"2025.09.22 10:03:00";"40.0";"300.00";"24545.80078";"24578.30078";"64300.00";"0.00";"OOS1";"PT";"3m 0s";"-0.00"
"313";"USATECHIDXUSD_ICM";"Buy";"24762.9";"24770.4";"2025.09.23 12:00:00";"2025.09.23 12:46:00";"40.0";"300.00";"24737.90039";"24770.40039";"64600.00";"0.00";"OOS1";"PT";"46m 0s";"-0.00"
"314";"USATECHIDXUSD_ICM";"Buy";"24649.1";"24656.6";"2025.09.24 15:00:00";"2025.09.24 16:30:00";"40.0";"300.00";"24624.09961";"24656.59961";"64900.00";"0.00";"OOS1";"PT";"1h 30m";"-0.00"
"315";"USATECHIDXUSD_ICM";"Buy";"24627.2";"24634.7";"2025.09.29 11:00:00";"2025.09.29 11:01:00";"40.0";"300.00";"24602.19922";"24634.69922";"65200.00";"0.00";"OOS1";"PT";"1m 0s";"-0.00"
"316";"USATECHIDXUSD_ICM";"Buy";"24591.0";"24566.0";"2025.09.30 10:00:00";"2025.09.30 10:15:00";"40.0";"-1000.00";"24566.00000";"24598.50000";"64200.00";"0.00";"OOS1";"SL";"15m 0s";"-0.00"
"317";"USATECHIDXUSD_ICM";"Buy";"24936.3";"24943.8";"2025.10.02 15:00:00";"2025.10.02 15:17:00";"40.0";"300.00";"24911.30078";"24943.80078";"64500.00";"0.00";"OOS1";"PT";"17m 0s";"-0.00"
"318";"USATECHIDXUSD_ICM";"Buy";"24976.4";"24983.9";"2025.10.03 10:00:00";"2025.10.03 10:06:00";"40.0";"300.00";"24951.40039";"24983.90039";"64800.00";"0.00";"OOS1";"PT";"6m 0s";"-0.00"
"319";"USATECHIDXUSD_ICM";"Buy";"24878.0";"24885.5";"2025.10.06 11:00:00";"2025.10.06 11:00:00";"40.0";"300.00";"24853.00000";"24885.50000";"65100.00";"0.00";"OOS1";"PT";"0s";"-0.00"
"320";"USATECHIDXUSD_ICM";"Buy";"24966.8";"24974.3";"2025.10.07 12:00:00";"2025.10.07 12:13:00";"40.0";"300.00";"24941.80078";"24974.30078";"65400.00";"0.00";"OOS1";"PT";"13m 0s";"-0.00"
"321";"USATECHIDXUSD_ICM";"Buy";"24889.1";"24864.1";"2025.10.08 15:00:00";"2025.10.08 15:10:00";"40.0";"-1000.00";"24864.09961";"24896.59961";"64400.00";"0.00";"OOS1";"SL";"10m 0s";"-0.00"
"322";"USATECHIDXUSD_ICM";"Buy";"25101.8";"25109.3";"2025.10.09 12:00:00";"2025.10.09 12:08:00";"40.0";"300.00";"25076.80078";"25109.30078";"64700.00";"0.00";"OOS1";"PT";"8m 0s";"-0.00"
"323";"USATECHIDXUSD_ICM";"Buy";"24713.1";"24720.6";"2025.10.15 09:00:00";"2025.10.15 09:22:00";"40.0";"300.00";"24688.09961";"24720.59961";"65000.00";"0.00";"OOS1";"PT";"22m 0s";"-0.00"
"324";"USATECHIDXUSD_ICM";"Buy";"24854.1";"24861.6";"2025.10.16 10:00:00";"2025.10.16 10:00:00";"40.0";"300.00";"24829.09961";"24861.59961";"65300.00";"0.00";"OOS1";"PT";"0s";"-0.00"
"325";"USATECHIDXUSD_ICM";"Buy";"24947.2";"24954.7";"2025.10.20 08:00:00";"2025.10.20 08:25:00";"40.0";"300.00";"24922.19922";"24954.69922";"65600.00";"0.00";"OOS1";"PT";"25m 0s";"-0.00"
"326";"USATECHIDXUSD_ICM";"Buy";"25134.8";"25109.8";"2025.10.21 09:00:00";"2025.10.21 09:05:00";"40.0";"-1000.00";"25109.80078";"25142.30078";"64600.00";"0.00";"OOS1";"SL";"5m 0s";"-0.00"
"327";"USATECHIDXUSD_ICM";"Buy";"25138.4";"25113.4";"2025.10.22 11:00:00";"2025.10.22 11:12:00";"40.0";"-1000.00";"25113.40039";"25145.90039";"63600.00";"0.00";"OOS1";"SL";"12m 0s";"-0.00"
"328";"USATECHIDXUSD_ICM";"Buy";"25183.7";"25191.2";"2025.10.24 08:00:00";"2025.10.24 08:24:00";"40.0";"300.00";"25158.69922";"25191.19922";"63900.00";"0.00";"OOS1";"PT";"24m 0s";"-0.00"
"329";"USATECHIDXUSD_ICM";"Buy";"25638.8";"25646.3";"2025.10.27 10:00:00";"2025.10.27 10:06:00";"40.0";"300.00";"25613.80078";"25646.30078";"64200.00";"0.00";"OOS1";"PT";"6m 0s";"-0.00"
"330";"USATECHIDXUSD_ICM";"Buy";"25816.2";"25823.7";"2025.10.28 10:00:00";"2025.10.28 10:04:00";"40.0";"300.00";"25791.19922";"25823.69922";"64500.00";"0.00";"OOS1";"PT";"4m 0s";"-0.00"
"331";"USATECHIDXUSD_ICM";"Buy";"26118.5";"26126.0";"2025.10.29 09:00:00";"2025.10.29 09:09:00";"40.0";"300.00";"26093.50000";"26126.00000";"64800.00";"0.00";"OOS1";"PT";"9m 0s";"-0.00"
"332";"USATECHIDXUSD_ICM";"Buy";"26083.3";"26090.8";"2025.10.30 10:00:00";"2025.10.30 10:01:00";"40.0";"300.00";"26058.30078";"26090.80078";"65100.00";"0.00";"OOS1";"PT";"1m 0s";"-0.00"
"333";"USATECHIDXUSD_ICM";"Buy";"26082.9";"26057.9";"2025.10.31 11:00:00";"2025.10.31 11:05:00";"40.0";"-1000.00";"26057.90039";"26090.40039";"64100.00";"0.00";"OOS1";"SL";"5m 0s";"-0.00"
"334";"USATECHIDXUSD_ICM";"Buy";"25953.8";"25961.3";"2025.11.03 11:00:00";"2025.11.03 11:03:00";"40.0";"300.00";"25928.80078";"25961.30078";"64400.00";"0.00";"OOS1";"PT";"3m 0s";"-0.00"
"335";"USATECHIDXUSD_ICM";"Buy";"25552.8";"25560.3";"2025.11.06 11:00:00";"2025.11.06 11:01:00";"40.0";"300.00";"25527.80078";"25560.30078";"64700.00";"0.00";"OOS1";"PT";"1m 0s";"-0.00"
"336";"USATECHIDXUSD_ICM";"Buy";"25366.2";"25373.7";"2025.11.10 09:00:00";"2025.11.10 09:00:00";"40.0";"300.00";"25341.19922";"25373.69922";"65000.00";"0.00";"OOS1";"PT";"0s";"-0.00"
"337";"USATECHIDXUSD_ICM";"Buy";"25501.4";"25508.9";"2025.11.11 12:00:00";"2025.11.11 12:13:00";"40.0";"300.00";"25476.40039";"25508.90039";"65300.00";"0.00";"OOS1";"PT";"13m 0s";"-0.00"
"338";"USATECHIDXUSD_ICM";"Buy";"25640.6";"25648.1";"2025.11.12 08:00:00";"2025.11.12 08:09:00";"40.0";"300.00";"25615.59961";"25648.09961";"65600.00";"0.00";"OOS1";"PT";"9m 0s";"-0.00"
"339";"USATECHIDXUSD_ICM";"Buy";"25116.7";"25091.7";"2025.11.17 14:00:00";"2025.11.17 14:00:00";"40.0";"-1000.00";"25091.69922";"25124.19922";"64600.00";"0.00";"OOS1";"SL";"0s";"-0.00"
"340";"USATECHIDXUSD_ICM";"Buy";"25030.6";"25005.6";"2025.11.20 13:00:00";"2025.11.20 13:03:00";"40.0";"-1000.00";"25005.59961";"25038.09961";"63600.00";"0.00";"OOS1";"SL";"3m 0s";"-0.00"
"341";"USATECHIDXUSD_ICM";"Buy";"24427.7";"24402.7";"2025.11.24 08:00:00";"2025.11.24 08:42:00";"40.0";"-1000.00";"24402.69922";"24435.19922";"62600.00";"0.00";"OOS1";"SL";"42m 0s";"-0.00"
"342";"USATECHIDXUSD_ICM";"Buy";"25089.3";"25096.8";"2025.11.26 12:00:00";"2025.11.26 12:02:00";"40.0";"300.00";"25064.30078";"25096.80078";"62900.00";"0.00";"OOS1";"PT";"2m 0s";"-0.00"
"343";"USATECHIDXUSD_ICM";"Buy";"25239.6";"25247.1";"2025.11.27 11:00:00";"2025.11.27 11:26:00";"40.0";"300.00";"25214.59961";"25247.09961";"63200.00";"0.00";"OOS1";"PT";"26m 0s";"-0.00"
"344";"USATECHIDXUSD_ICM";"Buy";"25615.2";"25622.7";"2025.12.03 08:00:00";"2025.12.03 09:15:00";"40.0";"300.00";"25590.19922";"25622.69922";"63500.00";"0.00";"OOS1";"PT";"1h 15m";"-0.00"
"345";"USATECHIDXUSD_ICM";"Buy";"25601.3";"25608.8";"2025.12.04 13:00:00";"2025.12.04 13:04:00";"40.0";"300.00";"25576.30078";"25608.80078";"63800.00";"0.00";"OOS1";"PT";"4m 0s";"-0.00"
"346";"USATECHIDXUSD_ICM";"Buy";"25683.9";"25691.4";"2025.12.05 08:00:00";"2025.12.05 10:02:00";"40.0";"300.00";"25658.90039";"25691.40039";"64100.00";"0.00";"OOS1";"PT";"2h 2m";"-0.00"
"347";"USATECHIDXUSD_ICM";"Buy";"25770.5";"25745.5";"2025.12.08 10:00:00";"2025.12.08 10:26:00";"40.0";"-1000.00";"25745.50000";"25778.00000";"63100.00";"0.00";"OOS1";"SL";"26m 0s";"-0.00"
"348";"USATECHIDXUSD_ICM";"Buy";"25701.8";"25709.3";"2025.12.10 10:00:00";"2025.12.10 10:07:00";"40.0";"300.00";"25676.80078";"25709.30078";"63400.00";"0.00";"OOS1";"PT";"7m 0s";"-0.00"
"349";"USATECHIDXUSD_ICM";"Buy";"25666.3";"25641.3";"2025.12.11 15:00:00";"2025.12.11 15:07:00";"40.0";"-1000.00";"25641.30078";"25673.80078";"62400.00";"0.00";"OOS1";"SL";"7m 0s";"-0.00"
"350";"USATECHIDXUSD_ICM";"Buy";"25673.6";"25681.1";"2025.12.12 08:00:00";"2025.12.12 08:26:00";"40.0";"300.00";"25648.59961";"25681.09961";"62700.00";"0.00";"OOS1";"PT";"26m 0s";"-0.00"
"351";"USATECHIDXUSD_ICM";"Buy";"25103.8";"25111.3";"2025.12.17 08:00:00";"2025.12.17 08:02:00";"40.0";"300.00";"25078.80078";"25111.30078";"63000.00";"0.00";"OOS1";"PT";"2m 0s";"-0.00"
"352";"USATECHIDXUSD_ICM";"Buy";"24860.9";"24868.4";"2025.12.18 15:00:00";"2025.12.18 15:01:00";"40.0";"300.00";"24835.90039";"24868.40039";"63300.00";"0.00";"OOS1";"PT";"1m 0s";"-0.00"
"353";"USATECHIDXUSD_ICM";"Buy";"25064.6";"25072.1";"2025.12.19 09:00:00";"2025.12.19 09:00:00";"40.0";"300.00";"25039.59961";"25072.09961";"63600.00";"0.00";"OOS1";"PT";"0s";"-0.00"
"354";"USATECHIDXUSD_ICM";"Buy";"25471.5";"25479.0";"2025.12.22 13:00:00";"2025.12.22 13:24:00";"40.0";"300.00";"25446.50000";"25479.00000";"63900.00";"0.00";"OOS1";"PT";"24m 0s";"-0.00"
"355";"USATECHIDXUSD_ICM";"Buy";"25447.2";"25422.2";"2025.12.23 08:00:00";"2025.12.23 08:30:00";"40.0";"-1000.00";"25422.19922";"25454.69922";"62900.00";"0.00";"OOS1";"SL";"30m 0s";"-0.00"
"356";"USATECHIDXUSD_ICM";"Buy";"25591.5";"25599.0";"2025.12.24 15:00:00";"2025.12.24 15:43:00";"40.0";"300.00";"25566.50000";"25599.00000";"63200.00";"0.00";"OOS1";"PT";"43m 0s";"-0.00"
"357";"USATECHIDXUSD_ICM";"Buy";"25637.3";"25644.8";"2025.12.26 11:00:00";"2025.12.26 11:01:00";"40.0";"300.00";"25612.30078";"25644.80078";"63500.00";"0.00";"OOS1";"PT";"1m 0s";"-0.00"
"358";"USATECHIDXUSD_ICM";"Buy";"25528.4";"25535.9";"2025.12.30 11:00:00";"2025.12.30 11:28:00";"40.0";"300.00";"25503.40039";"25535.90039";"63800.00";"0.00";"OOS1";"PT";"28m 0s";"-0.00"
